LEAF m=12 spokes=1,39,2,37,4,33,18,23,28,48,8,40 L=7,11,13,14,15,16,17,21,51,53,54,59,64,69,74,75,78,80,82,83,84,86,89,90 sumL=1285 sumL_mod3=1
LEAF m=12 spokes=1,42,2,43,4,39,8,31,16,26,21,45 L=7,11,13,14,15,19,36,38,48,54,56,62,66,67,72,75,77,78,79,80,83,86,89,90 sumL=1315 sumL_mod3=1
LEAF m=12 spokes=1,44,2,42,4,38,8,28,13,33,18,45 L=7,11,16,23,24,25,27,36,54,59,63,64,65,67,68,69,74,76,79,81,84,85,88,90 sumL=1335 sumL_mod3=0
LEAF m=12 spokes=1,41,2,42,4,38,10,32,20,27,15,44 L=7,8,9,13,18,23,26,49,50,55,60,63,66,67,72,75,77,78,81,84,87,88,89,90 sumL=1335 sumL_mod3=0
LEAF m=12 spokes=1,44,2,42,4,38,8,33,18,28,13,45 L=7,11,16,23,24,25,27,41,54,58,59,64,65,67,68,69,74,76,79,81,84,85,88,90 sumL=1335 sumL_mod3=0
LEAF m=12 spokes=1,40,2,34,4,37,8,28,13,18,23,41 L=7,11,16,33,56,61,64,66,67,70,72,73,76,79,80,82,83,84,85,86,87,88,89,90 sumL=1605 sumL_mod3=0
LEAF m=12 spokes=1,44,2,42,4,38,8,28,23,18,13,45 L=7,11,16,33,34,35,37,54,58,59,64,69,71,74,75,76,77,78,79,81,84,85,88,90 sumL=1435 sumL_mod3=1
LEAF m=12 spokes=1,43,2,37,4,40,8,23,18,13,31,44 L=7,11,16,28,29,30,34,59,64,65,69,70,72,73,75,76,78,79,82,85,86,88,89,90 sumL=1455 sumL_mod3=0
LEAF m=12 spokes=1,40,2,38,4,49,14,23,28,33,8,41 L=7,11,13,17,19,20,21,26,53,58,59,60,62,65,67,70,75,76,80,83,84,85,86,88 sumL=1285 sumL_mod3=1
LEAF m=12 spokes=1,43,2,41,4,37,15,30,8,25,20,44 L=7,11,13,14,18,33,36,53,54,60,64,65,70,72,75,76,77,79,82,83,86,88,89,90 sumL=1395 sumL_mod3=0
LEAF m=12 spokes=1,44,2,42,4,38,8,33,28,23,13,45 L=7,11,16,18,19,20,22,26,54,58,59,60,62,63,64,69,74,76,79,81,84,85,88,90 sumL=1285 sumL_mod3=1
LEAF m=12 spokes=1,43,2,41,4,37,15,30,8,20,25,44 L=7,11,13,14,18,28,36,53,54,60,65,69,70,72,75,76,77,79,82,83,86,88,89,90 sumL=1395 sumL_mod3=0
LEAF m=12 spokes=1,44,2,42,4,38,8,13,28,18,33,45 L=7,11,16,21,23,24,25,27,54,59,64,65,67,68,69,74,76,78,79,81,84,85,88,90 sumL=1335 sumL_mod3=0
LEAF m=12 spokes=1,43,2,41,4,37,20,25,15,30,8,44 L=7,11,13,14,18,36,40,53,54,57,60,65,70,72,75,76,77,79,82,83,86,88,89,90 sumL=1395 sumL_mod3=0
LEAF m=12 spokes=1,44,2,42,4,38,8,18,33,13,28,45 L=7,11,16,23,24,25,26,27,54,59,64,65,67,68,69,73,74,76,79,81,84,85,88,90 sumL=1335 sumL_mod3=0
LEAF m=12 spokes=1,44,2,41,4,37,9,32,26,20,14,45 L=7,8,12,17,19,25,31,43,56,59,60,62,66,68,72,74,75,79,80,83,84,87,88,90 sumL=1345 sumL_mod3=1
LEAF m=12 spokes=1,40,2,37,4,41,8,15,26,31,21,49 L=7,11,13,14,18,20,24,50,54,59,60,65,69,70,73,74,76,79,82,83,84,85,87,88 sumL=1345 sumL_mod3=1
LEAF m=12 spokes=1,44,2,42,4,38,13,33,8,28,18,45 L=7,11,16,23,24,25,27,36,54,59,63,64,65,67,68,69,74,76,79,81,84,85,88,90 sumL=1335 sumL_mod3=0
LEAF m=12 spokes=1,43,2,41,4,30,25,20,15,35,8,44 L=7,11,13,14,18,34,52,53,54,57,62,67,70,72,75,77,80,81,82,83,86,88,89,90 sumL=1415 sumL_mod3=2
LEAF m=12 spokes=1,44,2,42,4,38,13,33,8,18,28,45 L=7,11,16,23,24,25,26,27,54,59,64,65,67,68,69,73,74,76,79,81,84,85,88,90 sumL=1335 sumL_mod3=0
LEAF m=12 spokes=1,43,2,41,4,37,25,20,15,30,8,44 L=7,11,13,14,18,35,36,53,54,60,62,65,70,72,75,76,77,79,82,83,86,88,89,90 sumL=1395 sumL_mod3=0
LEAF m=12 spokes=1,44,2,42,4,15,19,25,31,9,37,45 L=7,8,12,14,18,22,30,36,55,58,65,66,71,72,74,77,78,80,82,83,84,85,88,90 sumL=1355 sumL_mod3=2
LEAF m=12 spokes=1,44,2,42,4,38,23,28,8,33,13,45 L=7,11,16,18,19,20,22,26,54,58,59,60,62,63,64,69,74,76,79,81,84,85,88,90 sumL=1285 sumL_mod3=1
LEAF m=12 spokes=1,44,2,42,4,21,25,31,9,37,15,45 L=7,8,12,14,18,20,28,50,55,56,60,61,64,71,72,74,77,78,80,83,84,85,88,90 sumL=1335 sumL_mod3=0
LEAF m=12 spokes=1,44,2,42,4,21,25,37,15,31,9,45 L=7,8,12,14,18,20,28,50,54,55,61,62,64,71,72,74,77,78,80,83,84,85,88,90 sumL=1335 sumL_mod3=0
LEAF m=12 spokes=1,44,2,42,4,21,25,9,31,15,37,45 L=7,8,12,14,18,20,28,34,50,55,61,64,71,72,74,77,78,80,82,83,84,85,88,90 sumL=1335 sumL_mod3=0
LEAF m=12 spokes=1,43,2,41,4,8,35,15,20,25,30,44 L=7,11,12,13,14,18,53,54,57,62,67,70,72,74,75,77,80,81,82,83,86,88,89,90 sumL=1415 sumL_mod3=2
LEAF m=12 spokes=1,44,2,42,4,21,25,15,37,9,31,45 L=7,8,12,14,18,20,28,40,50,55,61,64,71,72,74,76,77,78,80,83,84,85,88,90 sumL=1335 sumL_mod3=0
LEAF m=12 spokes=1,43,2,37,4,39,8,31,16,21,26,46 L=7,11,13,14,15,19,36,44,49,56,61,66,71,72,73,75,78,79,81,84,86,87,88,90 sumL=1355 sumL_mod3=2
LEAF m=12 spokes=1,44,2,42,4,21,31,15,25,37,9,45 L=7,8,12,14,18,20,28,50,54,55,61,62,64,71,72,74,77,78,80,83,84,85,88,90 sumL=1335 sumL_mod3=0
LEAF m=12 spokes=1,43,2,44,4,40,8,32,22,27,17,46 L=7,11,13,14,15,16,20,37,38,53,55,56,58,63,64,69,74,77,79,80,81,82,85,88 sumL=1235 sumL_mod3=2
LEAF m=12 spokes=1,44,2,42,4,15,31,9,25,19,37,45 L=7,8,12,14,18,22,30,36,55,58,65,66,71,72,74,77,78,80,82,83,84,85,88,90 sumL=1355 sumL_mod3=2
LEAF m=12 spokes=1,44,2,42,4,21,31,15,25,9,37,45 L=7,8,12,14,18,20,28,34,50,55,61,64,71,72,74,77,78,80,82,83,84,85,88,90 sumL=1335 sumL_mod3=0
LEAF m=12 spokes=1,43,2,44,4,40,8,34,24,29,15,46 L=7,11,13,14,18,20,21,22,27,53,56,57,60,61,62,65,66,71,76,79,81,82,85,88 sumL=1195 sumL_mod3=1
LEAF m=12 spokes=1,43,2,44,4,40,8,34,24,15,29,46 L=7,11,13,14,18,20,21,22,27,39,56,57,60,62,65,66,71,75,76,79,81,82,85,88 sumL=1195 sumL_mod3=1
LEAF m=12 spokes=1,43,2,44,4,40,10,34,22,29,15,46 L=7,8,9,13,18,20,21,27,28,51,52,57,60,61,64,67,70,71,76,79,81,82,85,88 sumL=1195 sumL_mod3=1
LEAF m=12 spokes=1,43,2,44,4,40,10,34,22,15,29,46 L=7,8,9,13,18,20,21,27,28,37,52,57,60,64,67,70,71,75,76,79,81,82,85,88 sumL=1195 sumL_mod3=1
LEAF m=12 spokes=1,36,2,42,8,48,30,20,25,15,4,39 L=7,11,13,14,18,19,37,53,58,60,65,70,71,74,76,77,79,80,82,83,85,86,88,89 sumL=1395 sumL_mod3=0
LEAF m=12 spokes=1,28,2,26,11,15,19,7,23,61,58,29 L=4,5,6,10,14,32,37,46,50,53,56,64,66,67,70,71,74,75,78,79,82,83,85,88 sumL=1295 sumL_mod3=2
LEAF m=12 spokes=1,44,2,14,20,26,32,9,37,4,41,45 L=7,8,12,16,17,19,25,31,56,60,62,66,68,72,74,75,79,80,83,84,86,87,88,90 sumL=1345 sumL_mod3=1
LEAF m=12 spokes=1,40,2,38,23,28,14,49,4,33,8,41 L=7,11,13,17,19,20,21,26,53,58,59,60,62,65,67,70,75,76,80,83,84,85,86,88 sumL=1285 sumL_mod3=1
LEAF m=12 spokes=1,42,2,44,30,16,36,10,27,5,23,46 L=4,8,9,13,14,19,20,22,34,55,61,64,68,70,74,75,77,79,81,83,84,85,87,89 sumL=1275 sumL_mod3=0
LEAF m=12 spokes=1,41,2,39,33,8,23,18,13,30,4,42 L=7,11,16,28,29,58,61,66,67,68,70,73,76,77,78,79,82,84,85,86,87,88,89,90 sumL=1555 sumL_mod3=1
LEAF m=12 spokes=1,39,2,48,50,20,30,6,23,27,35,40 L=4,5,9,10,11,12,13,14,15,16,17,18,19,34,38,44,61,64,72,76,81,82,84,86 sumL=885 sumL_mod3=0
LEAF m=12 spokes=1,30,2,56,58,14,10,22,18,7,25,31 L=4,5,6,13,34,42,46,50,51,54,62,64,67,69,71,72,73,75,77,79,82,84,85,90 sumL=1355 sumL_mod3=2
LEAF m=12 spokes=1,44,3,42,7,38,15,30,20,25,46,45 L=2,5,6,9,11,12,13,14,17,19,24,29,34,36,50,54,56,71,73,77,78,79,81,85 sumL=935 sumL_mod3=2
LEAF m=12 spokes=1,44,3,42,7,38,15,30,25,20,46,45 L=2,5,6,9,11,12,13,14,17,19,24,29,34,36,54,55,56,66,73,77,78,79,81,85 sumL=935 sumL_mod3=2
LEAF m=12 spokes=1,44,3,42,14,31,25,19,37,10,46,45 L=2,5,6,7,8,9,12,16,18,21,23,27,30,36,53,56,57,66,72,74,78,80,84,85 sumL=925 sumL_mod3=1
LEAF m=12 spokes=1,43,4,39,2,37,8,31,16,21,26,46 L=7,11,13,14,15,19,36,44,49,56,61,66,71,72,73,75,78,79,81,84,86,87,88,90 sumL=1355 sumL_mod3=2
LEAF m=12 spokes=1,42,4,39,8,31,16,26,21,45,2,43 L=7,11,13,14,15,19,36,38,48,54,56,62,66,67,72,75,77,78,79,80,83,86,89,90 sumL=1315 sumL_mod3=1
LEAF m=12 spokes=1,43,4,40,8,32,22,27,17,46,2,44 L=7,11,13,14,15,16,20,37,38,53,55,56,58,63,64,69,74,77,79,80,81,82,85,88 sumL=1235 sumL_mod3=2
LEAF m=12 spokes=1,43,4,40,8,34,24,29,15,46,2,44 L=7,11,13,14,18,20,21,22,27,53,56,57,60,61,62,65,66,71,76,79,81,82,85,88 sumL=1195 sumL_mod3=1
LEAF m=12 spokes=1,43,4,40,8,34,24,15,29,46,2,44 L=7,11,13,14,18,20,21,22,27,39,56,57,60,62,65,66,71,75,76,79,81,82,85,88 sumL=1195 sumL_mod3=1
LEAF m=12 spokes=1,41,4,38,10,32,20,27,15,44,2,42 L=7,8,9,13,18,23,26,49,50,55,60,63,66,67,72,75,77,78,81,84,87,88,89,90 sumL=1335 sumL_mod3=0
LEAF m=12 spokes=1,43,4,40,10,34,22,29,15,46,2,44 L=7,8,9,13,18,20,21,27,28,51,52,57,60,61,64,67,70,71,76,79,81,82,85,88 sumL=1195 sumL_mod3=1
LEAF m=12 spokes=1,43,4,40,10,34,22,15,29,46,2,44 L=7,8,9,13,18,20,21,27,28,37,52,57,60,64,67,70,71,75,76,79,81,82,85,88 sumL=1195 sumL_mod3=1
LEAF m=12 spokes=1,39,4,35,15,20,25,30,2,48,8,42 L=7,11,13,14,18,32,51,53,56,58,61,66,70,71,75,76,79,80,82,84,85,86,88,89 sumL=1405 sumL_mod3=1
LEAF m=12 spokes=1,39,4,35,15,20,25,30,48,2,8,42 L=7,10,11,13,14,18,51,53,58,61,66,70,71,75,76,78,79,80,82,84,85,86,88,89 sumL=1405 sumL_mod3=1
LEAF m=12 spokes=1,37,4,41,23,18,13,28,8,34,2,40 L=7,11,16,33,56,61,64,66,67,70,72,73,76,79,80,82,83,84,85,86,87,88,89,90 sumL=1605 sumL_mod3=0
LEAF m=12 spokes=1,40,4,44,31,13,18,23,8,37,2,43 L=7,11,16,28,29,30,34,59,64,65,69,70,72,73,75,76,78,79,82,85,86,88,89,90 sumL=1455 sumL_mod3=0
LEAF m=12 spokes=1,33,8,23,18,13,30,42,4,39,2,41 L=7,11,16,28,29,58,61,66,67,68,70,73,76,77,78,79,82,84,85,86,87,88,89,90 sumL=1555 sumL_mod3=1
LEAF m=12 spokes=1,25,8,50,48,2,28,22,18,32,13,37 L=4,5,6,7,11,12,16,17,42,44,58,64,67,71,74,77,79,81,83,84,86,88,89,90 sumL=1255 sumL_mod3=1
LEAF m=12 spokes=1,20,9,23,29,27,2,33,17,12,57,52 L=4,5,6,7,8,15,16,48,51,55,63,65,67,68,70,71,73,76,78,82,83,87,88,89 sumL=1275 sumL_mod3=0
LEAF m=12 spokes=1,36,10,42,2,44,30,16,27,5,23,46 L=4,8,9,13,14,19,20,22,34,55,61,64,68,70,74,75,77,79,81,83,84,85,87,89 sumL=1275 sumL_mod3=0
LEAF m=12 spokes=1,30,10,22,2,56,58,14,18,7,25,31 L=4,5,6,13,34,42,46,50,51,54,62,64,67,69,71,72,73,75,77,79,82,84,85,90 sumL=1355 sumL_mod3=2
LEAF m=12 spokes=1,22,10,19,16,13,29,27,2,54,58,34 L=4,5,6,7,8,9,25,33,42,52,57,62,65,66,69,72,75,78,79,82,84,86,89,90 sumL=1245 sumL_mod3=0
LEAF m=12 spokes=1,36,11,16,21,26,39,8,47,45,2,43 L=4,5,6,7,14,15,20,25,30,31,33,35,65,67,70,72,74,76,77,78,80,85,87,89 sumL=1145 sumL_mod3=2
LEAF m=12 spokes=1,36,11,21,26,31,8,39,47,45,2,43 L=4,5,6,7,14,15,16,17,18,20,24,25,30,35,59,61,63,72,77,80,85,86,87,89 sumL=995 sumL_mod3=2
LEAF m=12 spokes=1,25,13,37,8,50,48,2,28,22,18,32 L=4,5,6,7,11,12,16,17,42,44,58,64,67,71,74,77,79,81,83,84,86,88,89,90 sumL=1255 sumL_mod3=1
LEAF m=12 spokes=1,7,13,30,10,33,19,35,8,43,51,47 L=2,3,4,5,6,12,16,22,24,25,28,39,67,69,71,72,74,75,79,83,85,87,88,89 sumL=1125 sumL_mod3=0
LEAF m=12 spokes=1,44,16,26,21,31,8,38,4,42,2,45 L=7,11,13,14,15,19,36,41,51,55,56,60,62,67,72,74,77,78,79,81,84,85,88,90 sumL=1315 sumL_mod3=1
LEAF m=12 spokes=1,41,19,4,16,30,10,36,23,46,2,44 L=7,8,9,13,15,22,28,58,59,61,68,69,70,72,73,75,78,79,81,83,84,86,88,89 sumL=1375 sumL_mod3=1
LEAF m=12 spokes=1,26,21,16,31,8,37,2,39,4,43,46 L=7,11,13,14,15,19,27,36,49,56,61,66,71,73,75,78,79,81,84,86,87,88,89,90 sumL=1355 sumL_mod3=2
LEAF m=12 spokes=1,26,21,16,31,8,39,4,37,2,43,46 L=7,11,13,14,15,19,27,36,49,56,61,66,71,73,75,78,79,81,84,86,87,88,89,90 sumL=1355 sumL_mod3=2
LEAF m=12 spokes=1,39,23,27,2,48,50,20,30,6,35,40 L=4,5,9,10,11,12,13,14,15,16,17,18,19,34,38,44,61,64,72,76,81,82,84,86 sumL=885 sumL_mod3=0
LEAF m=12 spokes=1,15,25,20,30,48,8,42,2,36,4,39 L=7,11,13,14,16,18,40,53,58,60,65,70,71,74,76,77,79,80,82,83,85,86,88,89 sumL=1395 sumL_mod3=0
LEAF m=12 spokes=1,15,25,20,30,8,48,2,42,36,4,39 L=7,11,13,14,16,18,40,53,58,60,65,70,71,74,76,77,79,80,82,83,85,86,88,89 sumL=1395 sumL_mod3=0
LEAF m=12 spokes=1,40,26,15,49,21,31,2,33,4,37,41 L=7,8,9,10,11,12,13,14,18,20,24,29,60,65,66,69,76,78,79,83,84,85,87,88 sumL=1095 sumL_mod3=0
LEAF m=12 spokes=1,22,27,15,41,8,32,49,4,38,2,40 L=7,11,13,14,18,20,21,25,52,56,58,61,66,69,74,75,77,80,82,83,84,85,86,88 sumL=1305 sumL_mod3=0
LEAF m=12 spokes=1,2,33,12,37,23,16,29,42,3,45,48 L=6,7,8,9,10,11,20,21,22,27,55,59,63,67,69,72,73,76,80,83,84,86,88,89 sumL=1185 sumL_mod3=0
LEAF m=12 spokes=1,2,37,23,12,33,16,29,42,3,45,48 L=6,7,8,9,10,11,20,21,22,27,55,59,63,67,69,72,73,76,80,83,84,86,88,89 sumL=1185 sumL_mod3=0
LEAF m=12 spokes=1,40,37,4,33,2,31,21,49,15,26,41 L=7,8,9,10,11,12,13,14,18,20,24,29,60,65,67,69,76,77,79,83,84,85,87,88 sumL=1095 sumL_mod3=0
LEAF m=12 spokes=1,36,42,2,48,8,30,20,25,15,4,39 L=7,11,13,14,18,19,37,53,58,60,65,70,71,74,76,77,79,80,82,83,85,86,88,89 sumL=1395 sumL_mod3=0
LEAF m=12 spokes=1,2,43,47,3,36,20,25,15,30,9,39 L=6,7,8,13,14,19,40,53,57,60,65,70,71,74,76,78,80,81,84,85,87,88,89,90 sumL=1395 sumL_mod3=0
LEAF m=12 spokes=1,2,43,39,9,30,15,25,20,36,3,47 L=6,7,8,13,14,19,48,53,57,60,65,70,71,74,76,78,80,81,82,84,85,87,88,89 sumL=1395 sumL_mod3=0
LEAF m=12 spokes=1,2,43,25,20,36,3,47,15,30,9,39 L=6,7,8,13,14,19,53,57,60,62,65,68,70,71,74,76,78,80,81,84,85,87,88,89 sumL=1395 sumL_mod3=0
LEAF m=12 spokes=1,7,47,51,43,8,35,13,30,10,33,19 L=2,3,4,5,6,12,16,22,24,25,28,39,67,69,71,72,74,75,79,83,85,87,88,89 sumL=1125 sumL_mod3=0
LEAF m=12 spokes=2,44,3,43,4,21,25,36,10,30,16,46 L=1,8,9,11,15,17,22,42,47,58,61,62,63,70,72,75,77,78,81,83,84,85,86,88 sumL=1295 sumL_mod3=2
LEAF m=12 spokes=2,44,3,43,4,21,25,16,30,10,36,46 L=1,8,9,11,15,17,22,41,42,47,58,63,70,72,75,77,78,81,82,83,84,85,86,88 sumL=1295 sumL_mod3=2
LEAF m=12 spokes=2,42,3,43,10,36,16,30,25,21,46,44 L=1,4,6,7,8,9,11,14,15,17,20,22,29,34,50,53,55,70,75,77,81,83,84,90 sumL=915 sumL_mod3=0
LEAF m=12 spokes=2,41,3,38,10,31,17,46,26,22,4,44 L=1,8,9,11,15,16,18,23,37,52,59,62,65,71,73,74,76,78,80,81,83,86,88,89 sumL=1255 sumL_mod3=1
LEAF m=12 spokes=2,42,3,43,10,36,16,30,46,21,25,44 L=1,4,6,7,8,9,11,14,15,17,20,22,29,34,50,53,69,70,75,76,77,81,83,84 sumL=915 sumL_mod3=0
LEAF m=12 spokes=2,44,3,43,10,36,4,21,25,16,30,46 L=1,8,9,11,15,17,22,41,42,53,58,63,70,72,75,76,77,78,81,83,84,85,86,88 sumL=1295 sumL_mod3=2
LEAF m=12 spokes=2,44,3,43,10,36,4,21,25,30,16,46 L=1,8,9,11,15,17,22,42,53,55,58,62,63,70,72,75,77,78,81,83,84,85,86,88 sumL=1295 sumL_mod3=2
LEAF m=12 spokes=2,44,3,43,16,30,10,36,4,21,25,46 L=1,8,9,11,15,17,22,40,42,58,59,63,70,71,72,75,77,78,81,83,84,85,86,88 sumL=1295 sumL_mod3=2
LEAF m=12 spokes=2,44,3,43,16,30,10,36,25,21,4,46 L=1,8,9,11,15,17,22,42,50,58,59,61,63,70,72,75,77,78,81,83,84,85,86,88 sumL=1295 sumL_mod3=2
LEAF m=12 spokes=2,44,3,43,16,30,25,21,4,36,10,46 L=1,8,9,11,15,17,22,42,55,56,58,59,63,70,72,75,77,78,81,83,84,85,86,88 sumL=1295 sumL_mod3=2
LEAF m=12 spokes=2,44,3,43,25,21,4,36,10,30,16,46 L=1,8,9,11,15,17,22,40,42,58,62,63,68,70,72,75,77,78,81,83,84,85,86,88 sumL=1295 sumL_mod3=2
LEAF m=12 spokes=2,44,3,43,25,21,4,36,10,16,30,46 L=1,8,9,11,15,17,22,26,42,58,63,68,70,72,75,76,77,78,81,83,84,85,86,88 sumL=1295 sumL_mod3=2
LEAF m=12 spokes=2,44,3,43,25,21,4,16,30,10,36,46 L=1,8,9,11,15,17,20,22,42,58,63,68,70,72,75,77,78,81,82,83,84,85,86,88 sumL=1295 sumL_mod3=2
LEAF m=12 spokes=2,42,3,43,25,21,46,30,16,36,10,44 L=1,4,6,7,8,9,11,14,15,17,20,22,29,34,50,54,68,70,75,76,77,81,83,84 sumL=915 sumL_mod3=0
LEAF m=12 spokes=2,42,3,43,25,21,46,10,36,16,30,44 L=1,4,6,7,8,9,11,14,15,17,20,22,29,34,50,56,68,70,74,75,77,81,83,84 sumL=915 sumL_mod3=0
LEAF m=12 spokes=2,44,3,43,30,16,10,36,4,21,25,46 L=1,8,9,11,15,17,22,26,42,58,63,70,71,72,73,75,77,78,81,83,84,85,86,88 sumL=1295 sumL_mod3=2
LEAF m=12 spokes=2,44,3,43,30,16,25,21,4,36,10,46 L=1,8,9,11,15,17,22,41,42,56,58,63,70,72,73,75,77,78,81,83,84,85,86,88 sumL=1295 sumL_mod3=2
LEAF m=12 spokes=2,42,3,43,30,16,36,10,25,21,46,44 L=1,4,6,7,8,9,11,14,15,17,20,22,29,34,35,50,70,73,75,77,81,83,84,90 sumL=915 sumL_mod3=0
LEAF m=12 spokes=2,42,3,43,30,16,36,10,46,21,25,44 L=1,4,6,7,8,9,11,14,15,17,20,22,29,34,50,56,69,70,73,75,77,81,83,84 sumL=915 sumL_mod3=0
LEAF m=12 spokes=2,44,3,43,36,10,30,16,4,21,25,46 L=1,8,9,11,15,17,20,22,42,58,63,70,71,72,75,77,78,79,81,83,84,85,86,88 sumL=1295 sumL_mod3=2
LEAF m=12 spokes=2,44,3,43,36,10,30,16,25,21,4,46 L=1,8,9,11,15,17,22,41,42,50,58,63,70,72,75,77,78,79,81,83,84,85,86,88 sumL=1295 sumL_mod3=2
LEAF m=12 spokes=2,42,3,43,46,21,25,30,16,36,10,44 L=1,4,6,7,8,9,11,14,15,17,20,22,29,34,50,54,55,70,75,77,81,83,84,89 sumL=915 sumL_mod3=0
LEAF m=12 spokes=2,42,3,43,46,21,25,10,36,16,30,44 L=1,4,6,7,8,9,11,14,15,17,20,22,29,34,35,50,70,74,75,77,81,83,84,89 sumL=915 sumL_mod3=0
SOL m=12 spokes=2,42,3,43,46,21,25,10,36,16,30,44 rims=1,34,50,20,9,8,6,77,4,7,15,74
LEAF m=12 spokes=2,43,4,39,8,30,17,27,20,45,38,44 L=1,3,5,7,9,11,13,14,15,16,18,23,26,33,36,54,67,76,78,79,80,85,86,90 sumL=925 sumL_mod3=1
LEAF m=12 spokes=2,44,4,40,8,32,9,39,16,29,19,46 L=1,3,5,7,14,15,22,26,30,45,57,64,65,66,67,70,74,77,80,81,82,87,88,89 sumL=1215 sumL_mod3=0
LEAF m=12 spokes=2,44,4,40,8,32,9,39,16,19,29,46 L=1,3,5,7,14,15,22,26,30,35,57,64,66,67,70,74,75,77,80,81,82,87,88,89 sumL=1215 sumL_mod3=0
LEAF m=12 spokes=2,34,4,38,13,8,28,23,16,35,51,52 L=1,3,5,7,9,11,14,19,21,22,26,33,45,49,70,71,76,77,78,81,82,83,84,88 sumL=1055 sumL_mod3=2
LEAF m=12 spokes=2,41,4,12,33,17,28,22,48,45,3,42 L=1,8,9,10,11,13,16,18,23,27,38,43,56,66,68,71,72,77,79,80,82,84,85,88 sumL=1125 sumL_mod3=0
LEAF m=12 spokes=2,44,4,22,41,3,38,10,31,17,26,46 L=1,8,9,11,15,16,18,23,37,52,59,62,65,71,73,74,76,78,80,81,83,86,88,89 sumL=1255 sumL_mod3=1
LEAF m=12 spokes=2,43,4,39,44,38,8,30,17,27,20,45 L=1,3,5,7,9,11,13,14,15,16,18,23,26,33,36,54,67,76,78,79,80,85,86,90 sumL=925 sumL_mod3=1
LEAF m=12 spokes=2,39,9,46,19,29,16,32,8,40,4,44 L=1,3,5,7,14,15,22,26,30,45,57,64,65,66,67,70,74,77,80,81,82,87,88,89 sumL=1215 sumL_mod3=0
LEAF m=12 spokes=2,39,9,46,29,19,16,32,8,40,4,44 L=1,3,5,7,14,15,22,26,30,35,57,64,66,67,70,74,75,77,80,81,82,87,88,89 sumL=1215 sumL_mod3=0
LEAF m=12 spokes=2,44,16,30,10,36,3,43,4,21,25,46 L=1,8,9,11,15,17,22,39,42,58,60,63,70,71,72,75,77,78,81,83,84,85,86,88 sumL=1295 sumL_mod3=2
LEAF m=12 spokes=2,44,16,30,10,36,25,21,4,43,3,46 L=1,8,9,11,15,17,22,42,49,58,60,61,63,70,72,75,77,78,81,83,84,85,86,88 sumL=1295 sumL_mod3=2
LEAF m=12 spokes=2,37,17,22,27,32,11,43,51,3,4,39 L=1,7,8,9,10,12,16,18,23,52,57,58,63,67,72,74,77,79,81,84,85,86,87,89 sumL=1215 sumL_mod3=0
LEAF m=12 spokes=2,17,19,24,32,12,37,6,43,3,46,47 L=1,4,7,10,11,13,16,28,33,42,44,57,68,72,73,74,76,77,81,82,85,86,87,88 sumL=1215 sumL_mod3=0
LEAF m=12 spokes=2,4,23,16,36,3,37,11,28,6,46,52 L=1,12,21,24,33,35,45,54,61,66,67,70,71,72,76,77,78,79,81,84,85,86,87,90 sumL=1455 sumL_mod3=0
LEAF m=12 spokes=2,44,25,21,4,43,3,36,10,30,16,46 L=1,8,9,11,15,17,22,39,42,58,62,63,69,70,72,75,77,78,81,83,84,85,86,88 sumL=1295 sumL_mod3=2
LEAF m=12 spokes=2,44,25,21,4,43,3,16,30,10,36,46 L=1,8,9,11,15,17,19,22,42,58,63,69,70,72,75,77,78,81,82,83,84,85,86,88 sumL=1295 sumL_mod3=2
LEAF m=12 spokes=2,17,32,12,24,19,37,6,43,3,46,47 L=1,4,7,10,11,13,16,28,33,42,44,57,68,72,73,74,76,77,81,82,85,86,87,88 sumL=1215 sumL_mod3=0
LEAF m=12 spokes=2,44,36,10,30,16,3,43,4,21,25,46 L=1,8,9,11,15,17,19,22,42,58,63,70,71,72,75,77,78,80,81,83,84,85,86,88 sumL=1295 sumL_mod3=2
LEAF m=12 spokes=2,44,36,10,30,16,25,21,4,43,3,46 L=1,8,9,11,15,17,22,41,42,49,58,63,70,72,75,77,78,80,81,83,84,85,86,88 sumL=1295 sumL_mod3=2
LEAF m=12 spokes=2,4,41,12,33,17,28,22,48,45,3,42 L=1,6,8,9,10,11,13,18,23,27,38,53,56,66,68,71,72,77,79,80,82,84,85,88 sumL=1125 sumL_mod3=0
LEAF m=12 spokes=2,4,41,3,42,49,6,35,15,20,25,30 L=1,11,12,13,14,16,32,54,58,59,63,68,70,73,75,78,80,81,82,85,86,87,88,89 sumL=1375 sumL_mod3=1
LEAF m=12 spokes=3,41,6,47,12,24,33,20,16,31,5,42 L=1,2,4,7,10,13,14,35,56,59,60,68,69,70,76,77,79,81,82,84,85,86,87,90 sumL=1295 sumL_mod3=2
LEAF m=12 spokes=3,38,6,41,12,29,24,19,34,4,49,47 L=1,2,5,8,11,13,14,17,20,21,26,39,43,54,56,64,69,74,77,80,82,84,86,89 sumL=1035 sumL_mod3=0
LEAF m=12 spokes=3,42,6,43,19,24,29,14,34,7,41,45 L=1,2,4,5,8,11,12,15,16,18,23,28,39,54,62,68,73,78,80,81,82,86,89,90 sumL=1025 sumL_mod3=2
LEAF m=12 spokes=3,42,6,43,41,7,34,14,29,24,19,45 L=1,2,4,5,8,11,12,15,16,18,23,28,39,54,64,68,73,78,80,81,82,84,89,90 sumL=1025 sumL_mod3=2
LEAF m=12 spokes=3,38,12,29,24,19,34,4,49,47,6,41 L=1,2,5,8,11,13,14,17,20,21,26,39,43,54,56,64,69,74,77,80,82,84,86,89 sumL=1035 sumL_mod3=0
LEAF m=12 spokes=3,33,20,24,12,47,6,41,16,31,5,42 L=1,2,4,7,10,13,14,35,56,59,60,68,69,70,76,77,79,81,82,84,85,86,87,90 sumL=1295 sumL_mod3=2
m=12 n=13 t=90 tasks=1542546 nodes=11373628174 spoke_arrangements=137 mod3_pass=62 spoke_with_rim=1 solutions=1 time=103.39s threads=16
