SOL m=10 spokes=1,22,2,9,12,6,37,41,18,23 rims=4,44,17,16,36,21,5,51,11,54
SOL m=10 spokes=1,27,4,20,2,18,35,13,24,30 rims=7,9,54,10,46,12,11,41,8,53
SOL m=10 spokes=1,21,4,17,9,19,7,33,44,22 rims=2,25,32,14,35,12,3,56,6,58
SOL m=10 spokes=1,24,7,27,14,18,30,2,32,34 rims=4,13,40,23,12,10,55,5,6,43
SOL m=10 spokes=1,31,7,16,33,14,19,11,22,32 rims=2,56,5,49,13,24,4,6,3,57
SOL m=10 spokes=1,9,15,12,41,43,23,18,5,22 rims=2,8,3,36,26,25,4,53,7,47
SOL m=10 spokes=1,10,27,2,35,37,30,19,14,23 rims=4,5,17,26,8,55,6,7,11,48
SOL m=10 spokes=1,31,29,4,27,9,22,16,33,32 rims=2,44,21,18,6,8,3,12,7,50
SOL m=10 spokes=1,22,37,41,2,9,12,6,18,23 rims=4,44,17,16,36,21,5,51,11,54
SOL m=10 spokes=2,17,6,21,20,41,44,12,7,19 rims=1,10,49,5,30,4,52,3,42,15
SOL m=10 spokes=2,25,15,12,3,8,19,24,40,38 rims=1,29,6,7,9,45,11,47,4,60
SOL m=10 spokes=2,25,15,12,3,8,19,24,40,38 rims=1,29,6,45,11,47,7,9,4,60
SOL m=10 spokes=2,4,39,36,6,26,17,7,18,25 rims=1,15,12,47,5,55,3,34,14,49
SOL m=10 spokes=2,4,39,36,7,18,6,26,17,25 rims=1,15,12,47,5,55,3,34,14,49
SOL m=10 spokes=3,28,9,22,5,27,10,26,37,34 rims=1,16,2,21,20,4,7,45,6,57
SOL m=10 spokes=3,28,9,27,10,22,5,26,37,34 rims=1,16,2,21,20,4,7,45,6,57
SOL m=10 spokes=3,30,12,24,6,5,31,20,16,33 rims=1,10,4,56,2,49,13,52,7,41
SOL m=10 spokes=3,30,12,24,6,5,31,20,16,33 rims=1,13,52,10,49,2,56,4,7,41
SOL m=10 spokes=3,25,14,4,35,36,30,18,12,27 rims=1,23,5,46,10,9,11,2,6,58
SOL m=10 spokes=3,23,19,7,18,8,17,25,42,39 rims=1,5,29,9,4,51,12,14,2,52
SOL m=10 spokes=3,5,31,20,16,33,12,24,6,30 rims=1,7,41,4,56,2,49,10,52,13
SOL m=10 spokes=3,5,31,20,16,33,12,24,6,30 rims=1,13,49,2,8,52,4,41,7,58
SOL m=10 spokes=3,5,31,20,16,33,12,24,6,30 rims=1,13,52,8,2,49,7,41,4,58
SOL m=10 spokes=4,21,8,38,40,11,14,5,20,25 rims=1,2,51,6,23,27,37,10,7,55
SOL m=10 spokes=5,7,23,6,41,33,20,12,9,24 rims=1,21,34,3,49,2,8,54,4,59
SOL m=10 spokes=7,27,22,12,34,37,24,26,8,28 rims=1,5,13,3,14,43,4,21,2,9
SOL m=10 spokes=7,27,34,37,12,22,24,26,8,28 rims=1,5,13,3,14,43,4,21,2,9
m=10 n=11 t=65 tasks=373894 nodes=204495651 spoke_arrangements=44021 mod3_pass=14918 spoke_with_rim=23 solutions=27 time=1.42s threads=16
