SOL m=9 spokes=1,13,2,14,4,8,32,39,16 rims=7,19,25,12,38,11,31,23,28
SOL m=9 spokes=1,20,2,25,7,14,21,10,29 rims=4,33,19,32,6,42,5,13,40
SOL m=9 spokes=1,11,2,13,4,33,36,8,18 rims=7,23,27,25,28,17,26,16,32
SOL m=9 spokes=1,8,2,31,26,21,9,12,16 rims=4,15,30,6,44,7,41,5,49
SOL m=9 spokes=1,15,2,5,16,21,9,28,32 rims=4,38,7,12,39,13,27,8,46
SOL m=9 spokes=1,16,2,31,35,13,10,7,17 rims=4,21,22,28,18,6,34,5,49
SOL m=9 spokes=1,13,3,7,9,14,32,37,16 rims=2,26,5,42,11,43,6,18,34
SOL m=9 spokes=1,15,2,16,11,4,7,32,35 rims=10,28,21,24,29,25,27,14,30
SOL m=9 spokes=1,12,3,10,13,34,28,5,20 rims=2,19,24,26,27,9,42,7,45
SOL m=9 spokes=1,18,4,9,7,15,13,36,35 rims=2,21,26,12,29,3,46,6,28
SOL m=9 spokes=1,22,2,19,5,16,23,10,31 rims=4,30,14,37,9,40,8,13,39
SOL m=9 spokes=1,11,4,6,12,14,31,40,22 rims=2,8,19,30,9,29,21,3,45
SOL m=9 spokes=1,24,2,11,13,20,5,25,28 rims=4,43,10,9,23,17,34,8,46
SOL m=9 spokes=1,11,4,14,18,27,36,6,12 rims=2,44,9,34,8,13,32,3,49
SOL m=9 spokes=1,13,4,8,32,39,16,2,14 rims=7,19,25,12,38,11,31,23,28
SOL m=9 spokes=1,17,5,21,15,2,13,24,31 rims=4,8,27,10,40,9,42,11,43
SOL m=9 spokes=1,24,5,20,13,11,2,28,25 rims=4,43,10,9,23,17,34,8,46
SOL m=9 spokes=1,15,2,13,9,5,35,38,17 rims=4,21,33,16,29,12,34,8,23
SOL m=9 spokes=1,11,4,8,6,12,31,40,22 rims=2,25,29,14,24,21,15,3,47
SOL m=9 spokes=1,19,6,20,11,25,3,27,29 rims=2,34,8,16,37,13,5,10,41
SOL m=9 spokes=1,18,6,20,11,8,4,34,33 rims=2,23,13,19,31,16,27,3,46
SOL m=9 spokes=1,15,4,13,2,8,32,38,16 rims=7,19,25,10,27,22,30,11,43
SOL m=9 spokes=1,24,5,7,12,14,22,25,28 rims=2,9,45,3,41,10,43,4,16
SOL m=9 spokes=1,17,6,23,33,9,12,21,19 rims=2,41,5,3,11,37,16,4,47
SOL m=9 spokes=1,24,7,20,11,16,2,30,27 rims=4,28,14,19,6,39,10,5,48
SOL m=9 spokes=1,22,6,4,19,9,17,29,28 rims=2,12,40,3,46,8,16,11,42
SOL m=9 spokes=1,7,4,15,2,13,29,39,19 rims=8,10,35,12,25,24,27,11,42
SOL m=9 spokes=1,13,7,15,31,39,5,10,14 rims=2,22,26,4,47,3,34,9,33
SOL m=9 spokes=1,9,7,16,37,32,14,3,13 rims=2,26,5,42,11,43,6,18,34
SOL m=9 spokes=1,9,5,32,29,3,22,16,15 rims=2,11,42,10,39,7,36,14,26
SOL m=9 spokes=1,10,8,6,4,18,21,34,33 rims=2,11,36,17,15,30,20,3,46
SOL m=9 spokes=1,20,2,30,15,12,24,7,21 rims=4,6,28,18,29,11,38,5,48
SOL m=9 spokes=1,15,9,13,7,11,18,37,36 rims=2,4,17,23,30,5,29,3,39
SOL m=9 spokes=1,20,10,29,2,25,7,14,21 rims=4,33,19,32,6,42,5,13,40
SOL m=9 spokes=1,14,10,23,5,20,28,2,26 rims=4,13,39,8,27,18,32,9,44
SOL m=9 spokes=1,8,9,18,14,3,16,28,35 rims=2,39,13,7,40,5,27,6,48
SOL m=9 spokes=1,15,9,17,11,34,37,13,16 rims=2,3,4,19,21,8,36,6,39
SOL m=9 spokes=1,8,9,15,13,3,36,39,17 rims=2,27,6,28,7,31,19,5,41
SOL m=9 spokes=1,21,10,18,22,26,30,7,24 rims=2,3,35,6,9,4,16,37,12
SOL m=9 spokes=1,21,11,14,5,23,8,27,31 rims=2,18,7,10,30,3,43,4,49
SOL m=9 spokes=1,12,10,8,24,5,21,18,27 rims=2,14,38,3,40,4,46,7,47
SOL m=9 spokes=1,7,10,15,2,13,17,33,37 rims=4,25,6,36,5,21,30,8,45
SOL m=9 spokes=1,17,11,21,7,28,26,2,25 rims=4,10,34,16,15,5,35,6,48
SOL m=9 spokes=1,18,9,7,31,34,5,20,19 rims=2,42,4,11,22,17,13,3,45
SOL m=9 spokes=1,18,11,13,22,24,16,8,28 rims=2,4,49,5,15,36,7,3,45
SOL m=9 spokes=1,24,11,5,20,2,22,14,30 rims=4,36,17,28,9,39,10,8,43
SOL m=9 spokes=1,21,11,19,2,15,6,30,33 rims=4,5,37,10,28,22,24,29,14
SOL m=9 spokes=1,18,11,8,19,27,21,23,25 rims=2,5,10,4,13,3,48,6,47
SOL m=9 spokes=1,13,11,9,7,14,35,40,17 rims=2,3,16,21,29,4,39,6,32
SOL m=9 spokes=1,12,10,8,18,21,24,5,27 rims=2,14,38,3,40,4,46,7,47
SOL m=9 spokes=1,24,10,22,8,19,6,26,25 rims=2,3,12,40,13,38,4,17,37
SOL m=9 spokes=1,19,10,20,12,8,5,33,30 rims=2,14,23,3,29,7,47,4,44
SOL m=9 spokes=1,24,12,14,5,7,22,25,28 rims=2,9,45,3,41,10,43,4,16
SOL m=9 spokes=1,11,12,6,18,4,33,36,20 rims=2,21,14,8,41,9,43,3,25
SOL m=9 spokes=1,8,12,20,18,2,24,15,29 rims=4,5,43,11,39,7,45,6,34
SOL m=9 spokes=1,11,12,6,4,22,40,31,14 rims=2,8,19,30,9,29,21,3,45
SOL m=9 spokes=1,23,13,15,5,24,21,30,27 rims=2,8,41,11,9,3,4,29,17
SOL m=9 spokes=1,14,12,10,5,36,21,15,18 rims=2,7,34,4,45,8,44,3,40
SOL m=9 spokes=1,15,13,11,17,9,37,34,16 rims=2,6,40,4,3,36,5,23,19
SOL m=9 spokes=1,2,12,17,14,23,20,27,31 rims=3,7,42,4,5,47,6,30,8
SOL m=9 spokes=1,7,13,2,15,4,19,39,29 rims=8,10,35,12,25,24,27,23,30
SOL m=9 spokes=1,7,13,8,21,19,4,23,33 rims=2,43,6,10,29,18,35,3,48
SOL m=9 spokes=1,6,11,3,14,7,21,39,30 rims=2,17,31,16,38,5,29,23,26
SOL m=9 spokes=1,26,13,18,8,2,24,4,27 rims=7,31,23,16,33,10,36,11,41
SOL m=9 spokes=1,13,14,22,5,30,27,20,24 rims=2,8,4,7,9,17,36,3,45
SOL m=9 spokes=1,21,14,11,8,23,5,27,31 rims=2,18,7,10,30,3,43,4,49
SOL m=9 spokes=1,14,10,20,28,5,23,2,26 rims=4,13,39,8,27,18,32,9,44
SOL m=9 spokes=1,12,13,6,4,9,30,40,20 rims=2,25,23,28,19,35,3,8,37
SOL m=9 spokes=1,2,14,18,3,32,27,8,21 rims=6,31,16,36,7,42,12,13,38
SOL m=9 spokes=1,15,13,37,34,11,6,17,16 rims=2,8,25,20,3,36,5,4,42
SOL m=9 spokes=1,3,12,22,38,32,7,15,14 rims=2,28,6,43,5,4,20,11,40
SOL m=9 spokes=1,9,11,33,35,21,14,18,17 rims=2,3,37,6,7,41,4,16,8
SOL m=9 spokes=1,2,15,3,22,10,18,26,32 rims=6,43,8,9,30,14,31,7,46
SOL m=9 spokes=1,9,11,33,35,21,14,18,17 rims=2,3,37,8,16,4,6,7,41
SOL m=9 spokes=1,22,10,31,2,19,5,16,23 rims=4,30,14,37,9,40,8,13,39
SOL m=9 spokes=1,17,15,2,13,24,31,5,21 rims=4,8,27,10,40,9,42,11,43
SOL m=9 spokes=1,22,15,20,24,18,12,30,29 rims=2,4,7,3,23,5,9,8,35
SOL m=9 spokes=1,21,15,6,11,19,2,30,33 rims=4,5,37,10,28,22,24,29,14
SOL m=9 spokes=1,12,13,34,28,5,10,3,20 rims=2,19,24,26,27,9,42,7,45
SOL m=9 spokes=1,25,16,7,20,12,23,2,26 rims=4,11,29,5,47,6,44,10,31
SOL m=9 spokes=1,18,16,14,3,11,6,30,36 rims=2,35,5,8,26,23,28,10,43
SOL m=9 spokes=1,17,14,18,32,30,22,11,20 rims=2,5,4,6,45,8,13,3,24
SOL m=9 spokes=1,11,18,6,12,4,33,36,20 rims=2,14,21,8,41,9,43,3,25
SOL m=9 spokes=1,7,16,21,30,32,8,4,19 rims=2,12,6,44,3,42,10,13,41
SOL m=9 spokes=1,3,18,6,24,20,10,30,29 rims=2,15,37,14,8,4,40,5,41
SOL m=9 spokes=1,21,19,17,4,7,10,33,32 rims=2,13,30,16,6,35,9,3,45
SOL m=9 spokes=1,17,18,15,13,11,7,35,27 rims=2,3,6,41,10,39,4,33,21
SOL m=9 spokes=1,9,19,4,22,6,17,29,28 rims=2,12,40,3,46,8,16,11,42
SOL m=9 spokes=1,23,19,28,14,24,16,8,26 rims=2,3,10,11,7,41,12,34,4
SOL m=9 spokes=1,14,19,9,35,32,3,7,15 rims=2,28,25,27,13,31,6,5,43
SOL m=9 spokes=1,10,19,11,8,15,22,35,29 rims=2,3,14,38,4,24,7,6,47
SOL m=9 spokes=1,20,21,13,11,3,29,6,25 rims=2,35,18,34,10,5,43,8,39
SOL m=9 spokes=1,24,20,2,22,14,11,5,30 rims=4,36,17,28,9,39,10,8,43
SOL m=9 spokes=1,24,22,28,8,16,13,3,26 rims=2,5,15,36,10,33,12,6,47
SOL m=9 spokes=1,5,22,6,16,13,26,24,28 rims=2,8,12,3,36,9,43,4,49
SOL m=9 spokes=1,2,21,3,14,17,9,25,31 rims=6,41,13,37,7,29,24,8,43
SOL m=9 spokes=1,24,22,28,20,15,10,26,25 rims=2,6,13,18,33,3,4,5,12
SOL m=9 spokes=1,13,21,23,14,31,5,16,20 rims=2,9,3,4,45,8,38,10,40
SOL m=9 spokes=1,2,22,4,24,32,27,13,16 rims=3,7,12,9,30,11,42,8,44
SOL m=9 spokes=1,2,22,9,3,15,18,30,26 rims=6,8,34,12,38,13,36,7,47
SOL m=9 spokes=1,2,22,4,13,16,24,32,27 rims=3,7,12,9,30,11,42,8,44
SOL m=9 spokes=1,10,23,42,28,7,4,12,11 rims=2,31,6,20,16,9,41,3,45
SOL m=9 spokes=1,26,24,22,3,13,16,8,28 rims=2,5,15,36,10,33,12,6,47
SOL m=9 spokes=1,18,8,4,13,2,11,33,36 rims=7,23,27,25,28,17,26,16,32
SOL m=9 spokes=1,11,24,15,9,21,3,29,28 rims=2,5,46,8,34,13,35,6,17
SOL m=9 spokes=1,5,24,28,22,6,16,13,26 rims=2,8,12,3,36,9,43,4,49
SOL m=9 spokes=1,16,24,20,28,10,17,3,22 rims=2,7,8,43,6,48,5,35,12
SOL m=9 spokes=1,2,24,33,28,8,12,18,15 rims=3,44,5,16,6,31,7,4,50
SOL m=9 spokes=1,19,26,20,5,15,28,17,25 rims=2,8,42,4,3,9,14,38,11
SOL m=9 spokes=1,13,23,21,16,5,31,14,20 rims=2,9,3,4,45,8,38,10,40
SOL m=9 spokes=1,18,22,24,11,13,16,8,28 rims=2,4,49,5,15,36,7,3,45
SOL m=9 spokes=1,2,26,31,21,11,3,14,17 rims=6,30,9,41,8,10,44,7,46
SOL m=9 spokes=1,2,23,3,11,19,15,30,25 rims=6,8,43,7,45,9,37,10,29
SOL m=9 spokes=1,8,26,5,21,9,23,11,25 rims=2,39,3,15,38,7,36,4,50
SOL m=9 spokes=1,12,27,18,10,8,24,5,21 rims=2,14,38,3,40,4,46,7,47
SOL m=9 spokes=1,2,26,3,23,28,15,9,19 rims=6,14,36,7,44,8,40,13,33
SOL m=9 spokes=1,8,28,35,9,18,14,3,16 rims=2,39,13,7,40,5,27,6,48
SOL m=9 spokes=1,2,28,33,24,12,8,18,15 rims=3,44,5,16,6,31,7,4,50
SOL m=9 spokes=1,24,28,22,26,20,15,10,25 rims=2,3,4,9,8,6,12,19,33
SOL m=9 spokes=1,2,26,30,14,19,3,9,22 rims=6,12,38,13,34,8,46,7,37
SOL m=9 spokes=1,13,31,39,7,15,5,10,14 rims=2,22,26,4,47,3,34,9,33
SOL m=9 spokes=1,8,33,36,21,15,10,5,9 rims=2,25,14,35,12,28,4,3,50
SOL m=9 spokes=1,15,38,35,11,6,2,8,16 rims=4,28,20,25,5,42,10,24,29
SOL m=9 spokes=1,10,37,34,17,6,13,2,15 rims=4,20,9,42,11,22,26,5,41
SOL m=9 spokes=1,20,31,4,22,6,8,13,21 rims=2,38,16,34,11,36,15,3,46
SOL m=9 spokes=2,10,3,16,4,32,36,9,17 rims=1,28,22,15,30,24,23,8,43
SOL m=9 spokes=2,10,4,3,7,12,31,40,20 rims=1,25,29,19,18,21,28,8,45
SOL m=9 spokes=2,13,4,15,12,30,29,7,23 rims=1,39,10,8,46,5,21,3,47
SOL m=9 spokes=2,22,4,17,12,29,26,3,23 rims=1,36,11,13,8,10,44,9,41
SOL m=9 spokes=2,19,4,18,22,21,11,32,27 rims=1,16,12,35,7,3,5,9,43
SOL m=9 spokes=2,23,4,18,13,30,27,3,24 rims=1,11,38,8,14,25,10,9,43
SOL m=9 spokes=2,25,5,22,12,13,21,29,27 rims=1,3,8,20,30,6,10,9,44
SOL m=9 spokes=2,23,4,13,20,3,17,31,25 rims=1,9,18,32,14,39,8,41,11
SOL m=9 spokes=2,15,5,12,17,16,8,24,30 rims=1,33,11,37,6,3,49,4,50
SOL m=9 spokes=2,9,6,18,15,5,10,36,34 rims=1,31,22,13,33,4,26,3,47
SOL m=9 spokes=2,18,6,24,30,27,17,7,22 rims=1,4,16,38,12,3,11,10,43
SOL m=9 spokes=2,10,6,12,18,19,5,30,33 rims=1,3,41,13,34,16,37,9,26
SOL m=9 spokes=2,10,6,35,34,3,19,14,12 rims=1,26,7,23,28,4,39,11,41
SOL m=9 spokes=2,12,7,17,33,34,11,20,14 rims=1,15,24,6,4,38,5,3,49
SOL m=9 spokes=2,19,8,13,12,16,9,25,34 rims=1,4,36,3,23,7,45,6,48
SOL m=9 spokes=2,14,5,8,11,15,19,36,34 rims=1,3,43,9,26,28,12,6,31
SOL m=9 spokes=2,5,8,13,21,34,33,9,19 rims=1,44,6,25,12,16,4,3,48
SOL m=9 spokes=2,8,4,33,28,10,9,19,16 rims=1,39,15,7,31,3,48,5,45
SOL m=9 spokes=2,18,4,34,29,9,20,12,19 rims=1,25,17,15,35,5,3,7,44
SOL m=9 spokes=2,4,6,18,7,29,34,10,19 rims=1,43,3,21,30,15,27,5,49
SOL m=9 spokes=2,5,7,6,10,14,29,38,18 rims=1,41,13,33,4,22,27,3,50
SOL m=9 spokes=2,18,10,21,4,7,32,33,20 rims=1,15,29,19,26,5,8,3,46
SOL m=9 spokes=2,7,9,8,14,18,22,35,32 rims=1,3,45,6,28,19,33,5,12
SOL m=9 spokes=1,18,34,32,5,9,12,20,19 rims=2,14,22,4,45,3,8,7,40
SOL m=9 spokes=2,13,12,30,29,7,23,4,15 rims=1,39,10,8,46,5,21,3,47
SOL m=9 spokes=2,4,12,20,36,33,5,6,11 rims=1,27,19,30,13,21,29,3,51
SOL m=9 spokes=2,10,12,22,7,16,13,29,30 rims=1,33,21,6,5,3,44,4,49
SOL m=9 spokes=2,4,15,6,3,33,26,21,16 rims=1,13,40,11,34,12,38,9,43
SOL m=9 spokes=2,20,14,3,17,30,26,4,22 rims=1,8,41,13,38,15,12,35,10
SOL m=9 spokes=2,9,15,3,14,4,18,39,31 rims=1,10,28,24,26,25,22,8,36
SOL m=9 spokes=2,3,16,20,12,5,24,29,30 rims=1,10,9,39,13,4,47,6,37
SOL m=9 spokes=2,21,14,11,24,4,28,29,23 rims=1,8,12,5,41,7,3,19,35
SOL m=9 spokes=2,16,12,6,18,15,7,26,33 rims=1,3,47,5,24,11,43,10,36
SOL m=9 spokes=2,20,16,15,22,21,11,32,29 rims=1,5,25,3,9,10,4,39,7
SOL m=9 spokes=2,3,14,17,8,23,4,27,28 rims=1,33,13,39,15,9,38,5,48
SOL m=9 spokes=2,19,16,12,5,11,20,35,33 rims=1,3,26,15,28,6,42,8,9
SOL m=9 spokes=2,18,15,9,6,5,10,36,34 rims=1,31,22,13,33,4,26,3,47
SOL m=9 spokes=2,15,17,16,8,12,5,24,30 rims=1,33,11,37,6,3,49,4,50
SOL m=9 spokes=2,5,16,15,7,6,31,37,19 rims=1,27,13,41,10,4,45,3,29
SOL m=9 spokes=2,26,19,11,22,4,14,27,28 rims=1,9,34,18,17,3,5,7,44
SOL m=9 spokes=2,26,20,19,4,23,9,14,27 rims=1,7,32,12,5,10,38,3,51
SOL m=9 spokes=2,16,20,11,5,8,30,31,18 rims=1,3,14,40,12,37,6,9,44
SOL m=9 spokes=2,16,20,3,9,12,21,33,31 rims=1,6,38,10,8,46,4,13,26
SOL m=9 spokes=2,9,16,37,25,15,10,5,13 rims=1,3,33,11,32,8,45,6,48
SOL m=9 spokes=2,18,19,20,10,13,7,34,30 rims=1,4,42,3,8,6,35,16,23
SOL m=9 spokes=2,16,20,13,3,12,24,33,18 rims=1,6,48,4,39,8,9,41,10
SOL m=9 spokes=2,3,19,9,5,28,33,13,20 rims=1,26,17,34,6,44,10,4,45
SOL m=9 spokes=2,21,22,14,8,18,5,23,28 rims=1,47,6,11,4,34,9,3,51
SOL m=9 spokes=2,13,21,18,14,4,24,30,15 rims=1,8,3,7,40,12,41,5,49
SOL m=9 spokes=2,9,16,37,25,15,10,5,13 rims=1,32,4,40,3,8,45,6,48
SOL m=9 spokes=2,17,18,11,24,33,29,21,19 rims=1,3,22,27,7,5,10,6,8
SOL m=9 spokes=2,12,22,7,29,32,13,16,14 rims=1,5,3,49,4,33,17,30,10
SOL m=9 spokes=2,19,13,31,30,23,7,16,21 rims=1,5,17,24,3,45,8,4,10
SOL m=9 spokes=2,17,21,25,3,16,9,29,19 rims=1,7,6,47,4,39,10,38,14
SOL m=9 spokes=2,15,24,6,18,7,23,30,28 rims=1,4,40,10,39,14,3,16,11
SOL m=9 spokes=2,23,26,29,20,25,16,12,24 rims=1,4,30,3,6,13,8,7,10
SOL m=9 spokes=2,25,20,10,19,7,28,4,26 rims=1,15,34,18,13,37,5,3,40
SOL m=9 spokes=2,23,26,29,20,25,16,12,24 rims=1,4,30,3,10,11,8,9,6
SOL m=9 spokes=2,4,29,30,18,6,24,19,9 rims=1,40,12,5,11,3,43,7,44
SOL m=9 spokes=2,8,32,40,19,3,4,7,14 rims=1,30,20,25,24,28,13,16,37
SOL m=9 spokes=2,4,33,26,21,15,6,3,16 rims=1,13,40,11,34,12,38,9,43
SOL m=9 spokes=2,4,21,15,16,9,10,32,29 rims=1,7,35,5,22,6,43,3,51
SOL m=9 spokes=2,17,18,11,24,33,29,21,19 rims=1,4,10,6,9,3,22,27,7
SOL m=9 spokes=3,13,4,11,5,12,17,38,35 rims=1,26,6,31,2,34,19,10,44
SOL m=9 spokes=2,23,26,29,12,16,20,25,24 rims=1,4,30,3,6,13,8,7,10
SOL m=9 spokes=3,22,4,23,24,13,15,8,29 rims=1,9,5,20,34,6,41,2,48
SOL m=9 spokes=2,23,26,29,12,16,20,25,24 rims=1,4,30,3,10,11,8,9,6
SOL m=9 spokes=2,17,32,35,8,7,14,13,19 rims=1,3,47,6,38,5,23,18,11
SOL m=9 spokes=2,26,19,7,20,10,25,4,28 rims=1,15,34,18,13,37,5,3,40
SOL m=9 spokes=2,10,35,34,12,11,5,16,19 rims=1,3,6,32,20,23,25,8,41
SOL m=9 spokes=3,9,5,11,7,36,35,18,17 rims=1,30,13,19,15,33,4,2,49
SOL m=9 spokes=3,16,6,24,22,17,15,26,30 rims=1,11,8,5,2,49,4,10,34
SOL m=9 spokes=3,16,5,29,28,22,21,14,18 rims=1,11,4,6,35,13,7,2,52
SOL m=9 spokes=3,21,6,27,8,25,12,16,26 rims=1,35,10,13,4,40,2,5,49
SOL m=9 spokes=3,17,4,21,16,8,28,6,26 rims=1,35,15,37,2,46,5,13,40
SOL m=9 spokes=3,18,6,14,10,20,19,21,30 rims=1,7,5,42,4,11,43,2,51
SOL m=9 spokes=3,18,6,14,19,20,10,30,21 rims=1,7,5,42,4,11,43,2,51
SOL m=9 spokes=3,24,9,18,5,23,22,10,30 rims=1,16,4,7,44,6,43,2,36
SOL m=9 spokes=3,11,6,12,36,37,18,16,14 rims=1,4,13,31,2,8,38,7,34
SOL m=9 spokes=3,6,9,22,38,30,5,4,15 rims=1,31,23,17,29,19,16,2,49
SOL m=9 spokes=3,25,8,21,7,20,9,19,29 rims=1,13,18,33,2,4,48,5,42
SOL m=9 spokes=3,14,10,23,24,6,18,30,25 rims=1,7,45,2,17,5,46,4,11
SOL m=9 spokes=3,19,5,17,21,13,6,28,29 rims=1,37,7,15,39,4,10,2,51
SOL m=9 spokes=3,11,5,7,9,36,37,16,17 rims=1,30,4,29,6,32,13,2,49
SOL m=9 spokes=3,24,9,23,22,5,18,10,30 rims=1,16,4,7,44,6,43,2,36
SOL m=9 spokes=3,21,12,4,23,10,24,29,30 rims=1,17,2,6,43,5,11,9,37
SOL m=9 spokes=3,6,9,4,21,11,19,32,33 rims=1,46,5,8,18,16,29,2,48
SOL m=9 spokes=3,6,11,17,35,37,16,7,15 rims=1,8,4,45,2,34,5,25,28
SOL m=9 spokes=3,8,10,23,12,24,6,25,30 rims=1,4,17,2,41,11,39,7,44
SOL m=9 spokes=3,25,12,21,6,27,8,16,26 rims=1,35,10,13,4,40,2,5,49
SOL m=9 spokes=3,15,13,11,6,7,37,38,17 rims=1,4,25,2,31,8,34,12,35
SOL m=9 spokes=3,17,13,15,11,23,22,31,30 rims=1,4,6,21,8,12,7,2,49
SOL m=9 spokes=3,17,13,15,30,31,22,11,23 rims=1,4,6,21,8,12,7,2,49
SOL m=9 spokes=3,21,12,26,6,28,11,13,24 rims=1,4,38,10,33,20,2,44,7
SOL m=9 spokes=3,12,15,19,13,34,35,8,17 rims=1,6,4,41,2,24,9,5,39
SOL m=9 spokes=3,21,12,4,29,30,23,10,24 rims=1,17,2,6,43,5,11,9,37
SOL m=9 spokes=3,6,16,8,4,9,36,29,18 rims=1,30,13,28,21,2,48,5,46
SOL m=9 spokes=3,17,13,15,11,22,23,30,31 rims=1,4,6,21,8,12,7,2,49
SOL m=9 spokes=3,14,10,18,6,24,23,25,30 rims=1,7,45,2,17,5,46,4,11
SOL m=9 spokes=3,19,13,6,28,29,5,17,21 rims=1,37,7,15,39,4,10,2,51
SOL m=9 spokes=3,16,14,7,12,6,36,35,18 rims=1,4,33,11,29,2,19,8,45
SOL m=9 spokes=3,6,13,19,15,11,20,31,32 rims=1,9,27,2,5,49,4,8,40
SOL m=9 spokes=3,23,8,12,17,16,10,29,26 rims=1,4,47,6,48,2,7,14,30
SOL m=9 spokes=3,15,18,9,5,10,33,34,17 rims=1,40,14,16,29,2,4,7,46
SOL m=9 spokes=3,22,17,16,8,24,26,15,28 rims=1,5,7,14,33,2,49,4,9
SOL m=9 spokes=3,15,18,33,34,9,5,10,17 rims=1,40,14,16,29,2,4,7,46
SOL m=9 spokes=3,21,16,4,17,8,28,6,26 rims=1,35,15,37,2,46,5,13,40
SOL m=9 spokes=3,17,19,21,23,15,8,30,20 rims=1,9,5,2,44,6,48,4,12
SOL m=9 spokes=3,12,13,34,35,8,19,15,17 rims=1,6,4,41,2,24,9,5,39
SOL m=9 spokes=3,24,18,9,13,5,25,17,27 rims=1,6,4,15,39,11,42,2,46
SOL m=9 spokes=3,13,23,16,9,5,11,30,31 rims=1,37,15,10,7,41,4,2,49
SOL m=9 spokes=3,12,21,16,22,17,23,15,30 rims=1,40,8,6,4,9,2,5,49
SOL m=9 spokes=3,18,16,5,14,21,22,28,29 rims=1,11,4,6,35,13,7,2,52
SOL m=9 spokes=3,12,21,17,23,16,22,15,30 rims=1,40,8,6,4,9,2,5,49
SOL m=9 spokes=3,18,25,16,26,17,27,6,21 rims=1,12,2,8,7,4,36,5,49
SOL m=9 spokes=3,21,25,13,29,17,24,23,22 rims=1,4,10,31,2,9,6,12,7
SOL m=9 spokes=3,18,26,17,25,16,27,6,21 rims=1,12,2,8,7,4,36,5,49
SOL m=9 spokes=3,21,25,13,29,17,24,23,22 rims=1,5,14,4,8,7,2,31,10
SOL m=9 spokes=3,21,25,13,29,17,24,23,22 rims=1,8,7,5,14,4,2,31,10
SOL m=9 spokes=3,21,25,13,29,17,24,23,22 rims=1,8,10,31,2,4,7,5,14
SOL m=9 spokes=3,18,33,28,4,14,20,12,21 rims=1,5,8,19,10,34,9,2,50
SOL m=9 spokes=4,12,6,11,13,22,35,32,18 rims=1,20,7,2,14,37,5,3,49
SOL m=9 spokes=4,7,6,17,28,37,23,5,8 rims=1,18,20,26,13,3,50,2,47
SOL m=9 spokes=4,22,7,21,20,19,9,32,28 rims=1,14,3,2,8,38,6,12,33
SOL m=9 spokes=4,10,7,34,36,13,5,18,14 rims=1,2,33,16,26,6,45,8,29
SOL m=9 spokes=4,16,10,22,5,24,13,27,20 rims=1,2,6,39,11,41,12,7,47
SOL m=9 spokes=4,25,11,22,19,10,9,29,27 rims=1,6,12,41,2,3,42,8,16
SOL m=9 spokes=4,13,7,6,35,34,8,16,18 rims=1,2,28,5,32,17,27,9,45
SOL m=9 spokes=4,17,11,21,20,5,23,28,30 rims=1,2,8,46,6,12,7,29,13
SOL m=9 spokes=4,17,11,23,5,20,21,30,28 rims=1,2,8,46,6,12,7,29,13
SOL m=9 spokes=4,14,13,23,36,30,18,12,15 rims=1,20,19,5,2,8,3,6,46
SOL m=9 spokes=4,15,9,20,21,19,22,29,32 rims=1,2,8,6,40,5,7,11,16
SOL m=9 spokes=4,18,8,32,31,9,22,15,20 rims=1,6,10,11,14,34,3,2,43
SOL m=9 spokes=4,8,17,7,10,5,16,31,37 rims=1,28,2,32,19,6,40,3,49
SOL m=9 spokes=4,22,19,9,20,21,7,32,28 rims=1,14,3,2,8,38,6,12,33
SOL m=9 spokes=4,5,23,12,9,21,6,30,31 rims=1,7,38,3,46,2,22,28,19
SOL m=9 spokes=4,22,17,11,28,27,12,26,24 rims=1,13,5,2,8,39,3,6,19
SOL m=9 spokes=4,15,21,19,22,29,32,9,20 rims=1,2,8,6,40,5,7,11,16
SOL m=9 spokes=4,15,31,28,7,8,14,9,19 rims=1,5,20,10,41,3,46,2,52
SOL m=9 spokes=4,11,30,37,24,15,9,14,12 rims=1,6,2,3,40,10,22,31,16
SOL m=9 spokes=5,17,6,18,14,10,7,34,36 rims=1,2,45,4,22,8,29,9,32
SOL m=9 spokes=5,24,6,9,21,13,23,30,25 rims=1,16,4,8,7,3,50,2,40
SOL m=9 spokes=5,7,9,6,21,18,10,29,33 rims=1,2,20,12,37,4,44,8,45
SOL m=9 spokes=5,7,9,29,33,6,21,18,10 rims=1,2,20,12,37,4,44,8,45
SOL m=9 spokes=5,17,8,14,20,7,18,22,33 rims=1,2,9,34,10,6,48,4,45
SOL m=9 spokes=5,17,8,14,20,18,7,33,22 rims=1,2,9,34,10,6,48,4,45
SOL m=9 spokes=5,21,11,15,12,13,14,32,27 rims=1,9,22,8,46,3,4,2,50
SOL m=9 spokes=5,9,14,12,26,34,24,11,18 rims=1,2,49,4,6,41,13,15,7
SOL m=9 spokes=5,15,16,34,37,13,9,7,17 rims=1,2,4,27,11,8,40,10,35
SOL m=9 spokes=5,21,17,9,6,20,7,26,33 rims=1,44,8,2,34,4,15,3,48
SOL m=9 spokes=5,7,21,18,9,6,10,29,33 rims=1,2,20,12,37,4,44,8,45
SOL m=9 spokes=5,10,20,16,14,22,23,30,31 rims=1,8,3,4,2,13,36,12,17
SOL m=9 spokes=5,19,21,8,23,12,30,29,24 rims=1,2,9,6,10,4,18,7,39
SOL m=9 spokes=5,7,21,18,9,29,33,6,10 rims=1,2,20,12,37,4,44,8,45
SOL m=9 spokes=5,21,28,17,11,26,25,24,23 rims=1,7,3,12,2,4,9,18,19
SOL m=9 spokes=5,16,20,7,30,27,24,6,21 rims=1,2,15,4,38,14,39,10,8
SOL m=9 spokes=5,21,28,17,11,26,25,24,23 rims=1,13,2,6,4,3,9,18,19
SOL m=9 spokes=5,9,26,34,24,14,12,11,18 rims=1,2,49,4,6,41,13,15,7
SOL m=9 spokes=5,16,30,10,20,24,23,22,21 rims=1,6,3,14,4,8,11,2,47
SOL m=9 spokes=6,12,8,15,16,17,31,36,18 rims=1,3,2,38,7,13,41,9,10
SOL m=9 spokes=5,16,30,10,20,24,23,22,21 rims=1,8,3,4,13,6,12,2,47
SOL m=9 spokes=6,17,8,9,31,32,16,12,19 rims=1,4,42,3,7,23,11,2,52
SOL m=9 spokes=5,7,26,9,18,15,12,28,27 rims=1,47,4,6,2,11,29,3,49
SOL m=9 spokes=5,16,30,10,20,24,23,22,21 rims=1,12,7,4,14,3,6,2,47
SOL m=9 spokes=6,12,8,16,15,18,36,31,17 rims=1,3,2,38,7,13,41,9,10
SOL m=9 spokes=6,17,14,12,19,10,9,35,34 rims=1,3,39,11,2,5,32,8,30
SOL m=9 spokes=6,17,31,32,8,9,16,12,19 rims=1,4,42,3,7,23,11,2,52
SOL m=9 spokes=6,9,16,8,20,15,19,32,34 rims=1,12,18,33,4,7,3,2,44
SOL m=9 spokes=6,12,18,13,33,36,10,8,17 rims=1,2,32,15,37,9,31,7,4
SOL m=9 spokes=7,12,11,10,31,39,23,9,14 rims=1,3,44,8,28,13,2,27,5
SOL m=9 spokes=7,26,10,25,9,8,20,14,28 rims=1,4,2,47,3,41,11,31,12
SOL m=9 spokes=7,16,24,20,28,14,25,26,23 rims=1,2,11,18,4,8,9,10,5
SOL m=9 spokes=7,16,24,20,28,14,25,26,23 rims=1,3,5,6,12,17,2,13,9
SOL m=9 spokes=7,16,24,20,28,14,25,26,23 rims=1,3,5,17,12,6,13,2,9
SOL m=9 spokes=7,16,24,20,28,14,25,26,23 rims=1,3,12,17,2,6,5,13,9
SOL m=9 spokes=8,21,11,18,29,24,23,9,25 rims=1,2,5,10,4,47,6,16,12
SOL m=9 spokes=7,10,26,9,25,8,20,14,28 rims=1,4,2,47,3,41,11,31,12
SOL m=9 spokes=7,16,26,14,25,24,20,28,23 rims=1,2,11,18,4,8,9,10,5
SOL m=9 spokes=7,16,24,20,28,14,25,26,23 rims=1,3,12,17,5,13,6,2,9
SOL m=9 spokes=9,10,20,14,16,30,33,18,21 rims=1,12,3,5,17,2,4,7,45
SOL m=9 spokes=9,16,14,20,10,30,33,18,21 rims=1,2,4,7,8,17,5,40,12
SOL m=9 spokes=9,21,20,10,14,16,18,33,30 rims=1,2,11,41,4,8,7,17,5
SOL m=9 spokes=7,16,26,14,25,24,20,28,23 rims=1,3,5,6,12,17,2,13,9
SOL m=9 spokes=7,16,26,14,25,24,20,28,23 rims=1,3,5,17,12,6,13,2,9
SOL m=9 spokes=7,16,26,14,25,24,20,28,23 rims=1,3,12,17,2,6,5,13,9
SOL m=9 spokes=7,16,26,14,25,24,20,28,23 rims=1,3,12,17,5,13,6,2,9
SOL m=9 spokes=7,16,26,14,25,24,20,28,23 rims=1,4,2,9,8,10,19,3,12
SOL m=9 spokes=7,16,26,14,25,24,20,28,23 rims=1,8,11,4,2,3,10,12,17
SOL m=9 spokes=7,16,26,14,25,24,20,28,23 rims=1,9,2,4,15,3,5,17,12
SOL m=9 spokes=7,16,24,20,28,14,25,26,23 rims=1,4,2,9,8,10,19,3,12
SOL m=9 spokes=7,16,26,14,25,24,20,28,23 rims=1,9,8,11,18,4,2,3,12
SOL m=9 spokes=7,16,24,20,28,14,25,26,23 rims=1,8,11,4,2,3,10,12,17
SOL m=9 spokes=7,16,24,20,28,14,25,26,23 rims=1,9,2,4,15,3,5,17,12
SOL m=9 spokes=7,16,24,20,28,14,25,26,23 rims=1,9,8,11,18,4,2,3,12
m=9 n=10 t=54 tasks=162754 nodes=26078728 spoke_arrangements=214668 mod3_pass=77441 spoke_with_rim=292 solutions=319 time=0.26s threads=16
