SOL m=7 spokes=1,10,11,20,17,13,15 rims=2,6,16,3,4,5,29
SOL m=7 spokes=1,10,12,14,6,21,20 rims=2,3,25,4,19,8,9
SOL m=7 spokes=1,10,12,14,6,21,20 rims=2,3,8,9,19,4,25
SOL m=7 spokes=1,10,4,13,7,15,22 rims=2,18,6,21,9,3,31
SOL m=7 spokes=1,10,4,7,23,25,11 rims=2,14,6,13,9,3,28
SOL m=7 spokes=1,10,5,3,7,22,21 rims=2,9,20,15,19,14,16
SOL m=7 spokes=1,10,6,12,18,20,17 rims=2,14,11,4,5,3,31
SOL m=7 spokes=1,11,12,4,16,21,19 rims=2,7,3,26,8,6,18
SOL m=7 spokes=1,11,12,5,8,21,23 rims=2,15,10,14,4,3,27
SOL m=7 spokes=1,11,12,9,17,22,15 rims=2,4,21,14,16,3,5
SOL m=7 spokes=1,11,14,17,20,5,13 rims=2,8,4,3,26,9,23
SOL m=7 spokes=1,11,16,3,8,12,18 rims=2,5,27,6,25,10,20
SOL m=7 spokes=1,11,21,4,7,13,12 rims=2,25,10,20,6,3,29
SOL m=7 spokes=1,11,3,6,9,23,22 rims=2,13,8,27,5,14,16
SOL m=7 spokes=1,11,5,16,21,14,13 rims=2,7,3,20,8,4,31
SOL m=7 spokes=1,11,5,8,13,22,21 rims=2,10,25,3,4,16,15
SOL m=7 spokes=1,11,5,9,7,14,22 rims=2,24,4,17,13,3,32
SOL m=7 spokes=1,11,7,5,3,23,22 rims=2,13,19,12,9,17,18
SOL m=7 spokes=1,12,10,15,21,8,14 rims=2,3,4,13,19,6,28
SOL m=7 spokes=1,12,10,7,16,23,15 rims=2,3,18,14,20,9,4
SOL m=7 spokes=1,12,10,7,16,23,15 rims=2,4,9,5,29,3,18
SOL m=7 spokes=1,12,16,21,7,14,13 rims=2,3,28,4,6,18,9
SOL m=7 spokes=1,12,17,19,13,4,15 rims=2,6,3,7,22,11,24
SOL m=7 spokes=1,12,2,10,6,14,21 rims=4,13,19,9,20,5,30
SOL m=7 spokes=1,12,4,13,6,20,22 rims=2,9,8,15,16,3,27
SOL m=7 spokes=1,12,5,2,15,23,17 rims=4,7,26,8,10,21,9
SOL m=7 spokes=1,12,9,13,7,22,20 rims=2,3,18,6,11,4,26
SOL m=7 spokes=1,12,9,7,4,23,22 rims=2,18,15,6,11,3,25
SOL m=7 spokes=1,13,14,6,9,11,21 rims=2,16,4,29,3,5,26
SOL m=7 spokes=1,13,3,10,14,21,16 rims=2,6,12,20,5,28,7
SOL m=7 spokes=1,13,5,8,15,17,19 rims=2,12,23,3,7,4,29
SOL m=7 spokes=1,13,7,11,2,19,16 rims=4,10,25,6,28,5,17
SOL m=7 spokes=1,13,7,11,2,19,16 rims=4,6,28,5,17,14,21
SOL m=7 spokes=1,13,9,11,21,6,14 rims=2,16,4,29,3,5,26
SOL m=7 spokes=1,14,10,3,15,18,20 rims=2,6,7,5,22,9,24
SOL m=7 spokes=1,14,11,4,15,19,17 rims=2,8,27,7,6,3,22
SOL m=7 spokes=1,14,11,6,18,2,17 rims=4,21,9,24,10,5,22
SOL m=7 spokes=1,14,15,4,11,19,17 rims=2,8,27,3,6,7,22
SOL m=7 spokes=1,14,2,10,15,21,18 rims=4,5,7,6,19,8,26
SOL m=7 spokes=1,14,7,11,9,20,19 rims=2,3,29,6,18,4,13
SOL m=7 spokes=1,14,7,3,5,15,21 rims=2,11,20,10,23,9,25
SOL m=7 spokes=1,14,8,12,16,20,19 rims=2,3,15,7,4,6,23
SOL m=7 spokes=1,14,8,15,5,20,18 rims=2,10,7,4,27,3,22
SOL m=7 spokes=1,14,9,2,19,21,15 rims=4,8,18,7,6,5,27
SOL m=7 spokes=1,15,18,6,11,2,16 rims=4,9,14,10,25,5,28
SOL m=7 spokes=1,15,2,16,11,6,18 rims=4,10,25,5,19,9,23
SOL m=7 spokes=1,16,12,6,9,2,17 rims=4,24,11,19,15,5,27
SOL m=7 spokes=1,16,14,18,12,6,17 rims=2,8,3,27,5,4,21
SOL m=7 spokes=1,16,14,18,6,12,17 rims=2,8,3,21,4,5,27
SOL m=7 spokes=1,16,18,11,4,14,17 rims=2,6,23,3,10,24,7
SOL m=7 spokes=1,16,2,11,4,13,19 rims=7,18,10,22,9,8,26
SOL m=7 spokes=1,16,2,14,5,10,18 rims=4,13,22,9,19,8,25
SOL m=7 spokes=1,16,2,5,9,13,17 rims=4,24,8,12,23,7,27
SOL m=7 spokes=1,16,9,18,12,14,17 rims=2,20,4,3,5,6,25
SOL m=7 spokes=1,16,9,18,12,14,17 rims=2,4,7,24,3,5,20
SOL m=7 spokes=1,17,4,14,12,6,18 rims=2,19,8,3,25,9,24
SOL m=7 spokes=1,17,4,14,12,6,18 rims=2,19,9,25,8,3,24
SOL m=7 spokes=1,17,5,12,3,10,18 rims=2,14,19,9,25,7,24
SOL m=7 spokes=1,17,7,12,15,2,18 rims=4,6,21,5,23,11,20
SOL m=7 spokes=1,2,11,28,22,7,4 rims=3,10,17,14,20,5,16
SOL m=7 spokes=1,2,11,4,13,16,19 rims=3,7,22,9,26,8,25
SOL m=7 spokes=1,2,13,10,3,18,22 rims=6,17,9,21,8,7,27
SOL m=7 spokes=1,2,13,25,20,4,10 rims=3,8,24,7,9,19,15
SOL m=7 spokes=1,2,13,9,3,19,22 rims=6,17,12,18,8,7,27
SOL m=7 spokes=1,2,17,19,5,14,8 rims=3,9,23,11,24,4,26
SOL m=7 spokes=1,2,17,24,3,10,6 rims=7,15,16,13,19,14,21
SOL m=7 spokes=1,2,19,21,14,7,11 rims=3,24,5,12,6,4,31
SOL m=7 spokes=1,2,22,18,3,10,13 rims=6,8,21,9,17,7,27
SOL m=7 spokes=1,2,22,19,3,9,13 rims=6,8,18,12,17,7,27
SOL m=7 spokes=1,2,26,19,6,3,9 rims=10,13,12,18,16,17,14
SOL m=7 spokes=1,2,3,12,21,16,8 rims=5,25,6,9,26,7,27
SOL m=7 spokes=1,2,3,12,21,16,8 rims=5,25,7,27,6,9,26
SOL m=7 spokes=1,2,3,12,29,23,5 rims=6,15,18,10,9,11,16
SOL m=7 spokes=1,2,3,12,8,16,21 rims=5,25,6,20,15,7,27
SOL m=7 spokes=1,2,3,13,29,22,5 rims=6,11,9,10,16,12,21
SOL m=7 spokes=1,2,3,21,28,11,6 rims=5,15,18,7,10,16,19
SOL m=7 spokes=1,2,3,5,13,30,21 rims=8,11,9,18,10,12,17
SOL m=7 spokes=1,2,3,5,13,30,21 rims=8,12,10,9,18,11,17
SOL m=7 spokes=1,2,3,5,21,27,10 rims=8,9,11,14,19,16,18
SOL m=7 spokes=1,2,3,5,22,30,12 rims=8,11,9,18,10,16,13
SOL m=7 spokes=1,2,3,5,22,30,12 rims=8,13,16,11,9,10,18
SOL m=7 spokes=1,2,3,6,23,29,11 rims=5,15,18,9,10,12,16
SOL m=7 spokes=1,2,3,8,11,17,24 rims=5,16,15,7,23,6,28
SOL m=7 spokes=1,2,3,9,13,17,21 rims=5,7,22,6,25,8,27
SOL m=7 spokes=1,2,4,11,6,21,24 rims=3,14,20,9,18,15,16
SOL m=7 spokes=1,2,4,24,16,8,11 rims=3,19,14,7,23,6,28
SOL m=7 spokes=1,2,5,15,25,18,9 rims=3,7,22,13,8,4,28
SOL m=7 spokes=1,2,6,21,28,11,3 rims=4,10,15,18,8,19,16
SOL m=7 spokes=1,2,6,3,10,29,18 rims=8,15,19,14,13,9,17
SOL m=7 spokes=1,2,7,13,10,20,16 rims=3,6,19,5,30,4,28
SOL m=7 spokes=1,2,8,18,27,15,4 rims=3,7,25,5,21,13,11
SOL m=7 spokes=1,2,8,4,15,25,20 rims=3,7,12,18,13,21,11
SOL m=7 spokes=1,2,9,6,3,17,22 rims=11,16,14,15,20,13,21
SOL m=7 spokes=1,3,10,17,22,4,9 rims=2,13,16,8,27,6,28
SOL m=7 spokes=1,3,11,24,19,4,10 rims=2,6,26,9,14,17,16
SOL m=7 spokes=1,3,19,28,15,5,7 rims=2,9,23,4,17,13,12
SOL m=7 spokes=1,3,22,18,5,13,7 rims=2,15,11,9,24,4,30
SOL m=7 spokes=1,3,24,27,11,5,7 rims=2,13,9,17,16,4,19
SOL m=7 spokes=1,3,5,13,7,18,22 rims=2,15,11,9,24,4,30
SOL m=7 spokes=1,3,5,21,30,11,4 rims=2,15,13,10,19,8,18
SOL m=7 spokes=1,3,5,23,28,11,4 rims=2,17,13,8,10,15,20
SOL m=7 spokes=1,3,5,7,15,28,19 rims=2,9,23,4,17,13,12
SOL m=7 spokes=1,3,5,8,17,25,7 rims=2,14,21,13,19,4,27
SOL m=7 spokes=1,3,8,4,12,24,14 rims=2,19,11,23,10,6,29
SOL m=7 spokes=1,4,11,14,6,20,19 rims=2,26,9,13,3,5,27
SOL m=7 spokes=1,4,11,6,21,23,9 rims=2,16,19,14,3,5,26
SOL m=7 spokes=1,4,15,25,18,6,9 rims=2,12,11,17,3,5,30
SOL m=7 spokes=1,4,2,18,28,13,6 rims=5,11,12,9,26,7,20
SOL m=7 spokes=1,4,2,23,16,11,6 rims=5,25,7,14,19,9,26
SOL m=7 spokes=1,4,2,5,13,30,20 rims=7,12,11,16,10,8,21
SOL m=7 spokes=1,4,2,5,23,28,12 rims=7,13,21,10,8,11,15
SOL m=7 spokes=1,4,2,7,12,17,23 rims=5,10,22,9,20,6,28
SOL m=7 spokes=1,4,23,21,11,6,9 rims=2,16,19,14,3,5,26
SOL m=7 spokes=1,4,25,19,10,5,8 rims=2,15,7,21,13,3,29
SOL m=7 spokes=1,4,5,7,13,26,16 rims=2,10,15,9,19,3,32
SOL m=7 spokes=1,4,5,8,24,22,11 rims=2,18,14,7,10,3,31
SOL m=7 spokes=1,4,5,9,14,24,12 rims=2,20,7,23,8,3,32
SOL m=7 spokes=1,4,6,8,10,25,24 rims=2,13,22,5,18,3,17
SOL m=7 spokes=1,4,6,9,15,25,18 rims=2,12,11,17,3,5,30
SOL m=7 spokes=1,4,7,10,26,24,9 rims=2,3,15,6,17,12,20
SOL m=7 spokes=1,4,7,11,24,22,6 rims=2,18,9,5,16,3,32
SOL m=7 spokes=1,4,7,5,19,28,11 rims=2,10,21,13,14,3,22
SOL m=7 spokes=1,5,13,17,19,10,16 rims=2,6,25,9,3,4,26
SOL m=7 spokes=1,5,13,7,17,19,16 rims=2,9,6,4,31,3,25
SOL m=7 spokes=1,5,2,19,28,13,7 rims=4,6,16,11,23,8,17
SOL m=7 spokes=1,5,2,6,19,26,10 rims=4,13,22,8,25,9,14
SOL m=7 spokes=1,5,3,21,15,7,14 rims=2,11,23,9,24,6,25
SOL m=7 spokes=1,5,6,3,11,29,20 rims=2,13,9,18,10,14,19
SOL m=7 spokes=1,6,11,2,4,23,16 rims=7,14,17,13,19,9,26
SOL m=7 spokes=1,6,11,28,19,3,7 rims=2,8,15,17,16,5,22
SOL m=7 spokes=1,6,11,8,4,23,22 rims=2,17,18,3,13,7,25
SOL m=7 spokes=1,6,12,2,9,16,23 rims=4,7,20,14,19,5,26
SOL m=7 spokes=1,6,18,10,14,3,17 rims=2,22,7,5,25,8,26
SOL m=7 spokes=1,6,2,4,27,19,7 rims=8,14,12,18,17,15,16
SOL m=7 spokes=1,6,2,8,10,21,24 rims=4,13,18,7,28,5,15
SOL m=7 spokes=1,6,24,16,2,4,7 rims=11,18,12,15,19,14,21
SOL m=7 spokes=1,6,24,16,2,4,7 rims=11,18,14,21,12,15,19
SOL m=7 spokes=1,6,24,16,4,2,7 rims=9,20,12,15,19,14,21
SOL m=7 spokes=1,6,3,9,22,26,11 rims=2,5,8,16,18,12,19
SOL m=7 spokes=1,6,4,22,20,8,11 rims=2,16,3,10,25,7,27
SOL m=7 spokes=1,7,13,26,11,9,8 rims=2,3,17,6,25,4,28
SOL m=7 spokes=1,7,16,27,5,2,8 rims=4,19,14,11,20,10,22
SOL m=7 spokes=1,7,2,12,24,21,8 rims=4,5,29,6,11,16,14
SOL m=7 spokes=1,7,2,20,16,12,8 rims=4,22,9,25,5,6,29
SOL m=7 spokes=1,7,2,4,16,25,8 rims=6,13,20,14,21,9,22
SOL m=7 spokes=1,7,2,4,8,25,16 rims=6,13,17,14,21,12,22
SOL m=7 spokes=1,7,2,5,16,27,8 rims=4,21,14,19,11,9,22
SOL m=7 spokes=1,7,2,5,8,20,26 rims=4,13,11,18,14,16,19
SOL m=7 spokes=1,7,2,8,21,24,12 rims=4,6,11,16,13,5,30
SOL m=7 spokes=1,7,20,26,2,5,8 rims=4,13,11,18,14,16,19
SOL m=7 spokes=1,7,4,11,25,23,10 rims=2,6,3,16,15,13,20
SOL m=7 spokes=1,7,4,8,10,20,22 rims=2,23,12,6,13,3,31
SOL m=7 spokes=1,7,5,2,13,28,19 rims=4,11,23,8,17,10,12
SOL m=7 spokes=1,7,5,21,26,3,9 rims=2,15,19,13,12,11,18
SOL m=7 spokes=1,8,10,15,12,18,17 rims=2,4,31,3,21,9,5
SOL m=7 spokes=1,8,15,2,13,18,9 rims=4,23,6,25,7,5,30
SOL m=7 spokes=1,8,16,5,14,19,18 rims=2,9,3,7,21,4,29
SOL m=7 spokes=1,8,22,26,3,6,9 rims=2,13,20,10,19,5,16
SOL m=7 spokes=1,8,22,26,3,6,9 rims=2,16,13,20,10,5,19
SOL m=7 spokes=1,8,22,26,6,3,9 rims=2,10,20,13,19,5,16
SOL m=7 spokes=1,8,3,16,22,10,12 rims=2,7,14,5,27,6,29
SOL m=7 spokes=1,8,4,21,24,2,9 rims=7,11,16,15,20,14,12
SOL m=7 spokes=1,8,5,11,24,22,10 rims=2,14,17,3,4,9,26
SOL m=7 spokes=1,8,5,13,15,17,19 rims=2,26,9,3,7,4,29
SOL m=7 spokes=1,8,5,15,13,19,17 rims=2,26,9,3,7,4,29
SOL m=7 spokes=1,8,6,25,22,4,9 rims=2,11,16,3,21,14,18
SOL m=7 spokes=1,8,6,4,9,22,25 rims=2,11,16,3,21,14,18
SOL m=7 spokes=1,8,9,18,16,14,12 rims=2,3,31,4,7,6,27
SOL m=7 spokes=1,9,10,3,5,21,23 rims=2,16,13,7,27,8,17
SOL m=7 spokes=1,9,10,6,3,22,24 rims=2,14,5,21,8,17,18
SOL m=7 spokes=1,9,11,25,13,6,10 rims=2,16,4,28,5,3,27
SOL m=7 spokes=1,9,2,10,5,24,18 rims=4,8,22,13,16,15,17
SOL m=7 spokes=1,9,21,24,7,5,11 rims=2,10,3,27,4,19,15
SOL m=7 spokes=1,9,21,4,11,6,14 rims=2,17,16,8,26,3,28
SOL m=7 spokes=1,9,3,11,5,15,22 rims=2,21,13,19,10,7,28
SOL m=7 spokes=1,9,6,11,4,24,17 rims=2,14,8,19,15,3,29
SOL m=7 spokes=1,9,6,12,17,2,16 rims=4,15,20,10,24,5,27
SOL m=7 spokes=1,9,7,5,11,23,10 rims=2,25,4,22,13,3,31
SOL m=7 spokes=2,10,11,18,19,6,15 rims=1,22,5,9,3,4,31
SOL m=7 spokes=2,10,15,6,11,18,19 rims=1,22,5,9,3,4,31
SOL m=7 spokes=2,10,18,24,12,7,11 rims=1,3,5,27,6,13,15
SOL m=7 spokes=2,10,7,17,22,6,11 rims=1,3,12,14,20,5,30
SOL m=7 spokes=2,10,7,6,11,17,22 rims=1,3,12,14,20,5,30
SOL m=7 spokes=2,11,13,22,16,8,12 rims=1,5,9,17,3,4,31
SOL m=7 spokes=2,11,13,8,16,22,12 rims=1,5,9,17,4,3,31
SOL m=7 spokes=2,11,15,14,20,19,12 rims=1,5,24,4,3,10,8
SOL m=7 spokes=2,11,20,19,15,14,12 rims=1,5,24,4,3,10,8
SOL m=7 spokes=2,11,8,13,14,19,20 rims=1,5,4,3,23,12,17
SOL m=7 spokes=2,11,8,14,13,20,19 rims=1,5,4,3,23,12,17
SOL m=7 spokes=2,12,13,17,14,8,18 rims=1,4,3,6,22,11,23
SOL m=7 spokes=2,12,13,7,4,18,22 rims=1,23,10,11,3,5,27
SOL m=7 spokes=2,12,14,8,17,13,18 rims=1,4,3,6,22,11,23
SOL m=7 spokes=2,12,15,18,11,7,16 rims=1,4,6,8,21,3,32
SOL m=7 spokes=2,12,17,22,3,9,13 rims=1,6,8,10,23,4,28
SOL m=7 spokes=2,13,10,19,4,5,16 rims=1,22,9,25,8,3,27
SOL m=7 spokes=2,13,10,19,4,5,16 rims=1,8,23,11,22,3,27
SOL m=7 spokes=2,13,10,3,19,4,15 rims=1,23,8,22,11,9,26
SOL m=7 spokes=2,13,17,12,16,9,15 rims=1,5,30,4,20,3,7
SOL m=7 spokes=2,13,18,15,8,12,16 rims=1,6,5,4,19,3,32
SOL m=7 spokes=2,13,5,12,15,22,18 rims=1,3,26,6,10,11,8
SOL m=7 spokes=2,14,11,6,17,16,15 rims=1,4,3,9,25,10,23
SOL m=7 spokes=2,14,15,10,11,20,18 rims=1,5,16,3,4,23,8
SOL m=7 spokes=2,14,17,9,10,4,16 rims=1,28,7,15,5,3,31
SOL m=7 spokes=2,14,8,7,16,15,19 rims=1,3,28,6,5,20,12
SOL m=7 spokes=2,14,9,8,3,16,20 rims=1,26,7,6,15,4,31
SOL m=7 spokes=2,15,3,8,9,14,18 rims=1,19,6,7,28,4,30
SOL m=7 spokes=2,16,13,10,5,4,19 rims=1,22,9,25,8,3,27
SOL m=7 spokes=2,16,13,10,5,4,19 rims=1,8,23,11,22,3,27
SOL m=7 spokes=2,16,4,8,18,7,17 rims=1,12,14,5,27,3,28
SOL m=7 spokes=2,16,9,13,17,12,18 rims=1,5,3,4,20,10,22
SOL m=7 spokes=2,3,11,5,12,16,17 rims=1,24,9,26,6,4,30
SOL m=7 spokes=2,3,11,5,12,16,17 rims=1,25,9,24,6,4,31
SOL m=7 spokes=2,3,11,7,12,18,19 rims=1,4,28,6,27,8,16
SOL m=7 spokes=2,3,13,29,22,4,5 rims=1,11,10,16,14,9,19
SOL m=7 spokes=2,3,14,15,10,6,19 rims=1,25,7,4,23,5,30
SOL m=7 spokes=2,3,15,21,16,7,11 rims=1,5,30,4,25,8,12
SOL m=7 spokes=2,3,15,25,16,9,5 rims=1,6,29,4,22,10,13
SOL m=7 spokes=2,3,16,17,11,5,12 rims=1,24,9,26,6,4,30
SOL m=7 spokes=2,3,16,17,11,5,12 rims=1,25,9,24,6,4,31
SOL m=7 spokes=2,3,16,29,17,5,6 rims=1,11,13,15,10,4,26
SOL m=7 spokes=2,3,18,19,11,7,12 rims=1,4,28,6,27,8,16
SOL m=7 spokes=2,3,18,21,13,7,14 rims=1,5,29,4,22,8,11
SOL m=7 spokes=2,3,23,26,12,4,8 rims=1,9,13,19,5,16,17
SOL m=7 spokes=2,3,4,5,10,27,18 rims=1,16,19,15,11,9,24
SOL m=7 spokes=2,3,4,5,10,27,18 rims=1,16,9,24,11,15,19
SOL m=7 spokes=2,3,4,5,14,29,21 rims=1,9,13,15,12,11,19
SOL m=7 spokes=2,3,4,5,18,28,9 rims=1,16,19,10,15,11,23
SOL m=7 spokes=2,3,5,20,16,12,8 rims=1,26,9,25,6,4,29
SOL m=7 spokes=2,3,5,20,16,12,8 rims=1,9,25,6,29,4,26
SOL m=7 spokes=2,3,5,6,16,29,17 rims=1,11,13,15,10,4,26
SOL m=7 spokes=2,3,6,9,25,20,7 rims=1,14,19,5,30,4,17
SOL m=7 spokes=2,4,18,27,15,8,7 rims=1,5,23,9,21,3,13
SOL m=7 spokes=2,4,6,10,27,24,5 rims=1,16,3,18,7,13,22
SOL m=7 spokes=2,4,6,10,27,24,5 rims=1,16,7,13,22,3,18
SOL m=7 spokes=2,4,6,10,7,21,22 rims=1,15,19,5,30,3,17
SOL m=7 spokes=2,4,6,10,7,24,25 rims=1,16,3,18,15,5,22
SOL m=7 spokes=2,4,6,12,9,19,20 rims=1,17,5,30,3,7,27
SOL m=7 spokes=2,4,6,22,19,9,10 rims=1,17,3,30,5,7,27
SOL m=7 spokes=2,4,6,3,20,28,15 rims=1,9,14,11,16,17,12
SOL m=7 spokes=2,4,6,5,19,26,10 rims=1,12,22,11,24,3,17
SOL m=7 spokes=2,4,6,7,19,24,10 rims=1,12,22,5,15,3,32
SOL m=7 spokes=2,4,8,14,20,3,15 rims=1,12,21,9,25,6,26
SOL m=7 spokes=2,4,8,15,3,14,20 rims=1,12,21,9,25,6,26
SOL m=7 spokes=2,4,8,5,22,23,11 rims=1,12,6,29,3,14,20
SOL m=7 spokes=2,5,17,13,6,7,16 rims=1,26,4,10,25,3,31
SOL m=7 spokes=2,5,20,23,13,12,6 rims=1,3,24,10,21,9,7
SOL m=7 spokes=2,6,3,9,17,25,7 rims=1,21,14,18,8,4,29
SOL m=7 spokes=2,6,5,10,9,24,22 rims=1,3,20,13,8,17,18
SOL m=7 spokes=2,6,8,7,23,26,12 rims=1,4,11,16,14,3,21
SOL m=7 spokes=2,7,10,6,23,22,11 rims=1,3,16,15,5,9,26
SOL m=7 spokes=2,7,16,4,19,8,13 rims=1,22,5,9,25,3,30
SOL m=7 spokes=2,7,20,25,3,6,9 rims=1,14,19,11,24,4,17
SOL m=7 spokes=2,7,20,3,11,14,12 rims=1,8,27,6,24,4,25
SOL m=7 spokes=2,7,22,23,10,6,11 rims=1,3,16,15,5,9,26
SOL m=7 spokes=2,7,3,20,23,11,12 rims=1,8,16,17,4,6,28
SOL m=7 spokes=2,7,3,6,22,14,12 rims=1,10,23,9,26,4,27
SOL m=7 spokes=2,7,9,8,18,26,14 rims=1,3,13,17,12,19,5
SOL m=7 spokes=2,8,10,11,14,7,20 rims=1,4,21,6,23,3,32
SOL m=7 spokes=2,8,10,18,22,7,11 rims=1,5,23,4,31,3,13
SOL m=7 spokes=2,8,11,7,14,10,20 rims=1,5,19,4,26,3,32
SOL m=7 spokes=2,8,14,13,9,20,18 rims=1,3,7,5,19,6,29
SOL m=7 spokes=2,8,22,23,10,5,11 rims=1,3,26,9,6,14,16
SOL m=7 spokes=2,8,22,23,10,5,11 rims=1,3,6,20,15,14,16
SOL m=7 spokes=2,8,3,11,21,7,14 rims=1,27,6,20,12,4,30
SOL m=7 spokes=2,8,4,3,23,26,12 rims=1,9,13,19,14,7,17
SOL m=7 spokes=2,8,5,4,14,26,13 rims=1,10,15,9,20,3,32
SOL m=7 spokes=2,9,16,23,17,6,11 rims=1,3,10,14,7,5,30
SOL m=7 spokes=2,9,16,23,3,8,11 rims=1,6,15,13,22,4,29
SOL m=7 spokes=2,9,3,6,10,25,23 rims=1,17,7,4,16,14,21
SOL m=7 spokes=2,9,8,15,3,14,18 rims=1,19,6,7,28,4,30
SOL m=7 spokes=3,10,13,11,17,12,18 rims=1,7,19,5,4,2,32
SOL m=7 spokes=3,10,8,6,4,20,21 rims=1,17,5,19,13,2,33
SOL m=7 spokes=3,10,8,6,4,23,24 rims=1,17,2,13,22,5,20
SOL m=7 spokes=3,11,10,12,14,16,21 rims=1,6,2,18,4,5,29
SOL m=7 spokes=3,11,13,15,14,9,19 rims=1,4,6,29,2,21,7
SOL m=7 spokes=3,11,13,6,20,19,15 rims=1,4,14,10,2,27,7
SOL m=7 spokes=3,11,14,10,16,12,18 rims=1,5,20,4,31,2,7
SOL m=7 spokes=3,11,14,13,15,9,19 rims=1,4,2,25,10,21,7
SOL m=7 spokes=3,11,14,9,15,13,19 rims=1,4,2,21,10,25,7
SOL m=7 spokes=3,11,16,14,12,10,18 rims=1,5,4,31,2,20,7
SOL m=7 spokes=3,12,10,8,6,23,22 rims=1,4,25,2,17,7,14
SOL m=7 spokes=3,12,13,14,15,8,19 rims=1,23,2,5,4,6,29
SOL m=7 spokes=3,12,14,13,15,8,19 rims=1,9,26,4,2,5,23
SOL m=7 spokes=3,12,15,14,13,7,20 rims=1,23,4,5,6,2,29
SOL m=7 spokes=3,12,15,7,13,14,20 rims=1,22,2,6,5,4,30
SOL m=7 spokes=3,12,15,8,14,13,19 rims=1,6,4,5,30,2,22
SOL m=7 spokes=3,13,6,11,15,19,20 rims=1,4,8,2,27,7,16
SOL m=7 spokes=3,13,8,16,18,12,14 rims=1,4,6,17,7,2,33
SOL m=7 spokes=3,14,13,9,19,17,15 rims=1,4,2,25,10,11,7
SOL m=7 spokes=3,14,17,19,10,9,15 rims=1,7,4,2,16,5,30
SOL m=7 spokes=3,14,4,16,17,9,18 rims=1,10,5,24,2,6,27
SOL m=7 spokes=3,14,8,10,19,18,15 rims=1,16,4,2,7,5,30
SOL m=7 spokes=3,16,18,9,11,4,17 rims=1,5,19,15,8,2,30
SOL m=7 spokes=3,16,9,15,5,4,17 rims=1,10,25,2,28,6,23
SOL m=7 spokes=3,17,4,6,8,10,18 rims=1,28,5,15,19,2,30
SOL m=7 spokes=3,4,10,14,12,20,21 rims=1,5,27,2,9,19,7
SOL m=7 spokes=3,4,15,5,13,20,6 rims=1,26,7,22,12,2,30
SOL m=7 spokes=3,4,19,20,12,14,9 rims=1,10,25,5,2,6,26
SOL m=7 spokes=3,4,21,22,7,13,8 rims=1,5,14,9,18,2,31
SOL m=7 spokes=3,4,21,25,14,5,6 rims=1,15,7,12,11,2,32
SOL m=7 spokes=3,4,7,13,8,21,22 rims=1,5,14,9,18,2,31
SOL m=7 spokes=3,4,7,23,21,11,12 rims=1,5,8,9,20,2,30
SOL m=7 spokes=3,4,8,12,25,23,9 rims=1,5,2,20,10,14,18
SOL m=7 spokes=3,5,11,17,4,18,8 rims=1,27,6,10,24,2,30
SOL m=7 spokes=3,5,11,18,4,17,8 rims=1,24,10,6,27,2,30
SOL m=7 spokes=3,5,13,14,7,21,18 rims=1,8,22,11,4,2,27
SOL m=7 spokes=3,5,13,29,18,4,6 rims=1,14,8,20,10,2,25
SOL m=7 spokes=3,5,4,6,12,29,19 rims=1,13,8,10,20,2,26
SOL m=7 spokes=3,5,4,8,12,20,14 rims=1,9,21,6,29,2,32
SOL m=7 spokes=3,6,14,12,10,19,20 rims=1,4,7,2,21,8,27
SOL m=7 spokes=3,6,14,12,10,19,20 rims=1,4,7,21,2,27,8
SOL m=7 spokes=3,6,22,20,13,12,8 rims=1,4,29,2,7,17,10
SOL m=7 spokes=3,6,4,11,9,22,23 rims=1,18,2,8,16,5,30
SOL m=7 spokes=3,6,5,4,19,23,12 rims=1,14,21,9,11,2,32
SOL m=7 spokes=3,6,5,4,22,26,12 rims=1,14,9,24,11,2,19
SOL m=7 spokes=3,6,5,4,9,25,17 rims=1,19,13,11,16,2,33
SOL m=7 spokes=3,6,8,26,25,4,9 rims=1,19,5,13,14,2,21
SOL m=7 spokes=3,6,8,4,9,25,26 rims=1,19,5,13,14,2,21
SOL m=7 spokes=3,7,21,23,10,11,12 rims=1,4,16,9,6,2,27
SOL m=7 spokes=3,8,13,11,9,7,21 rims=1,5,23,4,31,2,24
SOL m=7 spokes=3,8,18,6,16,4,17 rims=1,27,5,15,11,2,29
SOL m=7 spokes=3,8,4,12,25,23,9 rims=1,5,14,16,2,22,10
SOL m=7 spokes=3,8,7,13,20,22,11 rims=1,14,12,5,4,2,32
SOL m=7 spokes=3,9,5,20,21,7,13 rims=1,14,11,17,2,4,31
SOL m=7 spokes=3,9,5,4,14,26,11 rims=1,21,6,18,10,2,32
SOL m=7 spokes=3,9,5,7,12,23,22 rims=1,19,14,4,2,11,24
SOL m=7 spokes=3,9,7,5,12,23,22 rims=1,17,16,4,2,11,24
SOL m=7 spokes=4,10,11,9,12,24,20 rims=1,2,5,21,6,8,17
SOL m=7 spokes=4,10,7,14,12,13,21 rims=1,25,9,6,2,3,29
SOL m=7 spokes=4,10,7,5,16,25,17 rims=1,12,2,6,28,3,18
SOL m=7 spokes=4,10,8,9,14,7,20 rims=1,25,6,21,2,3,32
SOL m=7 spokes=4,11,12,19,20,6,15 rims=1,2,7,14,8,5,28
SOL m=7 spokes=4,11,17,19,14,16,15 rims=1,7,6,22,2,3,9
SOL m=7 spokes=4,12,13,10,11,21,16 rims=1,6,3,5,30,2,18
SOL m=7 spokes=4,12,15,13,20,18,14 rims=1,7,21,2,3,6,10
SOL m=7 spokes=4,12,20,18,15,13,14 rims=1,7,21,2,3,6,10
SOL m=7 spokes=4,12,6,18,20,5,13 rims=1,2,14,21,8,7,27
SOL m=7 spokes=4,12,6,7,14,9,17 rims=1,27,8,22,3,2,32
SOL m=7 spokes=4,12,9,17,6,7,14 rims=1,27,8,22,3,2,32
SOL m=7 spokes=4,13,10,12,5,7,21 rims=1,2,27,8,24,6,22
SOL m=7 spokes=4,13,10,12,5,7,21 rims=1,22,2,6,29,3,27
SOL m=7 spokes=4,13,11,12,10,22,18 rims=1,5,2,17,3,24,8
SOL m=7 spokes=4,13,18,10,16,17,15 rims=1,6,3,2,24,8,11
SOL m=7 spokes=4,13,5,10,7,17,19 rims=1,15,3,25,6,2,33
SOL m=7 spokes=4,14,12,9,7,6,17 rims=1,27,8,22,3,2,32
SOL m=7 spokes=4,14,15,7,9,18,20 rims=1,5,3,28,2,10,16
SOL m=7 spokes=4,14,15,8,9,17,20 rims=1,6,27,3,2,16,10
SOL m=7 spokes=4,14,15,9,7,20,18 rims=1,5,3,28,2,10,16
SOL m=7 spokes=4,14,18,13,5,12,15 rims=1,6,2,32,3,21,10
SOL m=7 spokes=4,14,9,7,16,19,15 rims=1,5,3,32,2,10,17
SOL m=7 spokes=4,15,19,14,9,7,16 rims=1,5,3,17,10,2,32
SOL m=7 spokes=4,15,7,8,9,10,19 rims=1,5,30,3,29,2,20
SOL m=7 spokes=4,16,10,8,9,7,18 rims=1,5,30,3,29,2,20
SOL m=7 spokes=4,16,9,7,10,8,18 rims=1,5,30,3,29,2,20
SOL m=7 spokes=4,5,18,7,9,16,10 rims=1,2,24,8,25,6,29
SOL m=7 spokes=4,5,18,7,9,16,10 rims=1,2,29,6,24,8,25
SOL m=7 spokes=4,5,18,7,9,16,10 rims=1,24,2,6,29,3,30
SOL m=7 spokes=4,5,6,11,27,24,7 rims=1,8,14,3,23,2,19
SOL m=7 spokes=4,6,19,21,11,10,7 rims=1,8,12,22,2,3,32
SOL m=7 spokes=4,6,5,14,28,11,7 rims=1,23,3,19,8,2,29
SOL m=7 spokes=4,6,5,21,18,7,14 rims=1,15,2,8,26,3,30
SOL m=7 spokes=4,6,5,22,14,11,7 rims=1,23,2,8,27,3,31
SOL m=7 spokes=4,6,5,7,12,24,20 rims=1,2,8,15,19,14,21
SOL m=7 spokes=4,6,5,7,12,28,19 rims=1,14,8,2,27,3,20
SOL m=7 spokes=4,6,7,8,24,19,10 rims=1,20,9,13,2,3,32
SOL m=7 spokes=4,6,8,7,22,27,10 rims=1,2,19,5,20,9,14
SOL m=7 spokes=4,7,16,8,17,6,11 rims=1,2,23,9,26,5,29
SOL m=7 spokes=4,7,21,16,10,11,12 rims=1,2,24,6,29,5,8
SOL m=7 spokes=4,7,22,21,12,10,8 rims=1,2,11,24,9,18,5
SOL m=7 spokes=4,7,5,6,12,27,23 rims=1,14,8,3,18,2,24
SOL m=7 spokes=4,7,5,6,16,25,12 rims=1,14,8,3,24,2,33
SOL m=7 spokes=4,7,6,5,16,27,19 rims=1,13,8,3,15,2,28
SOL m=7 spokes=4,8,10,12,22,5,11 rims=1,2,29,6,18,7,27
SOL m=7 spokes=4,8,11,14,13,12,19 rims=1,6,29,2,3,25,9
SOL m=7 spokes=4,8,11,6,13,23,22 rims=1,18,2,3,9,7,25
SOL m=7 spokes=4,8,12,13,6,7,22 rims=1,2,23,9,24,5,26
SOL m=7 spokes=4,8,12,20,17,14,15 rims=1,5,2,9,10,3,30
SOL m=7 spokes=4,8,12,20,19,14,13 rims=1,2,7,10,5,6,29
SOL m=7 spokes=4,8,12,6,23,22,9 rims=1,2,5,20,13,11,18
SOL m=7 spokes=4,8,19,9,10,7,12 rims=1,5,28,2,32,3,24
SOL m=7 spokes=4,8,5,6,7,27,18 rims=1,21,13,3,17,2,28
SOL m=7 spokes=4,8,7,22,25,6,9 rims=1,19,2,3,15,12,23
SOL m=7 spokes=4,8,7,6,5,18,27 rims=1,20,3,16,15,2,28
SOL m=7 spokes=4,8,7,6,5,27,18 rims=1,15,17,3,19,2,28
SOL m=7 spokes=4,8,7,6,9,22,25 rims=1,19,2,3,15,12,23
SOL m=7 spokes=4,8,9,10,19,7,12 rims=1,24,6,26,3,2,33
SOL m=7 spokes=4,8,9,7,12,10,22 rims=1,5,23,2,24,3,32
SOL m=7 spokes=4,9,17,16,15,18,14 rims=1,5,3,7,26,2,11
SOL m=7 spokes=4,9,21,20,13,7,10 rims=1,14,12,6,2,3,32
SOL m=7 spokes=4,9,6,11,12,22,23 rims=1,13,17,2,5,3,24
SOL m=7 spokes=4,9,6,11,12,22,23 rims=1,2,5,19,8,17,13
SOL m=7 spokes=4,9,7,14,12,6,17 rims=1,27,8,22,3,2,32
SOL m=7 spokes=4,9,8,13,10,7,21 rims=1,5,23,2,24,3,32
SOL m=7 spokes=5,10,12,6,8,9,22 rims=1,23,2,31,4,3,26
SOL m=7 spokes=5,10,14,12,21,6,13 rims=1,2,7,8,24,4,29
SOL m=7 spokes=5,10,14,13,6,12,21 rims=1,2,7,8,24,4,29
SOL m=7 spokes=5,10,7,9,6,15,23 rims=1,2,26,8,27,4,17
SOL m=7 spokes=5,11,15,8,18,17,16 rims=1,2,12,9,26,4,6
SOL m=7 spokes=5,11,18,14,15,16,17 rims=1,2,22,7,6,4,8
SOL m=7 spokes=5,11,18,8,15,17,16 rims=1,9,12,2,4,3,29
SOL m=7 spokes=5,11,7,8,9,10,22 rims=1,23,4,2,32,3,25
SOL m=7 spokes=5,12,10,8,6,9,22 rims=1,23,2,31,4,3,26
SOL m=7 spokes=5,12,19,8,16,6,15 rims=1,2,7,10,22,4,29
SOL m=7 spokes=5,12,6,8,10,18,19 rims=1,3,14,21,7,2,32
SOL m=7 spokes=5,12,8,20,16,14,15 rims=1,2,7,11,6,4,29
SOL m=7 spokes=5,13,10,17,14,16,18 rims=1,3,9,11,23,2,6
SOL m=7 spokes=5,13,16,15,18,9,17 rims=1,11,8,2,4,3,26
SOL m=7 spokes=5,13,9,15,16,17,18 rims=1,2,6,4,7,12,23
SOL m=7 spokes=5,13,9,18,17,6,16 rims=1,2,8,4,28,7,20
SOL m=7 spokes=5,14,18,8,15,16,17 rims=1,10,9,3,4,2,26
SOL m=7 spokes=5,14,8,16,10,12,19 rims=1,2,4,7,25,9,22
SOL m=7 spokes=5,15,17,13,9,6,16 rims=1,3,32,2,10,20,7
SOL m=7 spokes=5,16,15,7,14,6,18 rims=1,2,24,4,27,8,9
SOL m=7 spokes=5,16,6,17,7,15,18 rims=1,2,26,4,10,19,8
SOL m=7 spokes=5,16,6,9,15,13,17 rims=1,3,24,10,2,28,7
SOL m=7 spokes=5,16,7,15,18,6,17 rims=1,2,26,4,10,19,8
SOL m=7 spokes=5,17,16,7,15,6,18 rims=1,2,26,4,10,19,8
SOL m=7 spokes=5,17,7,16,6,15,18 rims=1,2,26,4,10,19,8
SOL m=7 spokes=5,6,21,22,13,9,11 rims=1,2,10,25,4,16,7
SOL m=7 spokes=5,7,10,6,12,18,20 rims=1,3,31,2,14,21,8
SOL m=7 spokes=5,7,18,20,10,6,12 rims=1,3,31,2,14,21,8
SOL m=7 spokes=5,7,6,8,17,26,12 rims=1,3,25,2,14,21,9
SOL m=7 spokes=5,7,6,9,13,26,21 rims=1,3,12,17,8,2,22
SOL m=7 spokes=5,8,13,14,15,21,17 rims=1,3,24,9,2,10,6
SOL m=7 spokes=5,8,13,21,7,6,9 rims=1,2,23,10,24,4,31
SOL m=7 spokes=5,8,7,10,26,22,9 rims=1,20,3,11,2,4,24
SOL m=7 spokes=5,8,7,6,23,19,10 rims=1,3,32,2,13,9,20
SOL m=7 spokes=5,9,10,14,24,17,11 rims=1,2,28,4,12,6,7
SOL m=7 spokes=5,9,13,6,21,19,14 rims=1,2,29,4,12,10,7
SOL m=7 spokes=5,9,6,22,8,10,12 rims=1,3,26,7,28,2,23
SOL m=7 spokes=5,9,8,22,6,12,10 rims=1,3,26,7,28,2,23
SOL m=7 spokes=6,11,17,13,16,15,18 rims=1,2,5,20,10,4,8
SOL m=7 spokes=6,11,8,16,13,9,18 rims=1,2,10,23,7,28,4
SOL m=7 spokes=6,12,13,11,18,22,14 rims=1,3,2,8,7,9,20
SOL m=7 spokes=6,12,17,13,18,14,16 rims=1,8,2,3,4,11,21
SOL m=7 spokes=6,12,17,8,16,7,18 rims=1,2,27,5,4,21,10
SOL m=7 spokes=6,12,18,13,16,14,17 rims=1,2,21,10,5,4,7
SOL m=7 spokes=6,12,18,14,17,13,16 rims=1,8,2,3,4,11,21
SOL m=7 spokes=6,12,8,22,18,11,13 rims=1,3,7,2,27,5,15
SOL m=7 spokes=6,13,10,14,11,9,18 rims=1,2,5,30,4,8,25
SOL m=7 spokes=6,13,11,18,9,8,16 rims=1,2,10,23,7,28,4
SOL m=7 spokes=6,13,9,8,16,11,18 rims=1,2,10,23,7,28,4
SOL m=7 spokes=6,14,11,13,10,9,18 rims=1,2,5,30,4,8,25
SOL m=7 spokes=6,14,12,10,20,7,15 rims=1,3,5,28,2,9,22
SOL m=7 spokes=6,14,7,15,12,10,20 rims=1,3,5,28,2,9,22
SOL m=7 spokes=6,14,9,18,13,17,16 rims=1,2,8,12,21,7,4
SOL m=7 spokes=6,15,14,11,16,13,18 rims=1,3,5,2,23,12,9
SOL m=7 spokes=6,15,16,13,14,11,18 rims=1,3,5,2,23,12,9
SOL m=7 spokes=6,16,13,11,8,9,18 rims=1,2,10,23,7,28,4
SOL m=7 spokes=6,16,17,15,8,13,18 rims=1,3,2,7,20,12,10
SOL m=7 spokes=6,16,8,13,18,15,17 rims=1,3,2,7,20,12,10
SOL m=7 spokes=6,8,12,16,20,7,9 rims=1,10,4,27,3,2,33
SOL m=7 spokes=6,9,10,13,20,8,15 rims=1,11,23,4,3,2,31
SOL m=7 spokes=6,9,11,15,14,7,19 rims=1,26,3,2,8,4,31
SOL m=7 spokes=6,9,7,11,12,22,23 rims=1,3,5,10,14,2,25
SOL m=7 spokes=6,9,7,22,23,11,12 rims=1,3,5,10,14,2,25
SOL m=7 spokes=6,9,7,8,21,16,11 rims=1,3,26,5,10,2,33
SOL m=7 spokes=7,10,14,17,15,9,18 rims=1,12,8,3,2,4,30
SOL m=7 spokes=7,10,15,9,18,14,17 rims=1,12,8,3,2,4,30
SOL m=7 spokes=7,12,18,14,15,16,17 rims=1,3,2,6,13,11,9
SOL m=7 spokes=7,12,8,11,22,20,13 rims=1,2,17,16,10,4,5
SOL m=7 spokes=7,13,12,8,11,22,20 rims=1,4,6,3,14,2,25
SOL m=7 spokes=7,13,9,19,8,11,14 rims=1,3,2,10,25,6,28
SOL m=7 spokes=7,13,9,19,8,11,14 rims=1,3,25,10,2,29,5
SOL m=7 spokes=7,14,16,13,18,8,17 rims=1,4,2,26,3,9,10
SOL m=7 spokes=7,14,17,13,16,8,18 rims=1,4,2,26,3,9,10
SOL m=7 spokes=7,14,18,12,17,16,15 rims=1,10,3,5,4,2,20
SOL m=7 spokes=7,14,18,12,17,16,15 rims=1,3,6,5,8,2,20
SOL m=7 spokes=7,16,10,14,15,13,18 rims=1,2,24,11,8,4,5
SOL m=7 spokes=7,17,14,16,13,8,18 rims=1,4,2,26,3,9,10
SOL m=7 spokes=7,9,8,10,23,18,12 rims=1,2,4,29,5,11,13
SOL m=7 spokes=8,10,12,14,18,11,17 rims=1,5,4,3,13,2,32
SOL m=7 spokes=8,10,12,17,11,14,18 rims=1,5,4,3,13,2,32
SOL m=7 spokes=8,11,13,16,15,9,18 rims=1,3,7,12,2,30,5
SOL m=7 spokes=8,11,15,9,18,13,16 rims=1,3,7,12,2,30,5
SOL m=7 spokes=8,14,18,11,15,16,17 rims=1,5,4,3,10,2,20
SOL m=7 spokes=8,14,18,11,15,16,17 rims=1,6,4,9,3,2,20
m=7 t=35 order=a tasks=2766 nodes=321426 spoke_leaves=131758 rim_calls=131758 solutions=477 time=0.18s threads=16
